Vedlegg til oppgave 2 til første sett med obligatoriske oppgaver i STK1100.
Dødelighetstabell for Norge 1993
(Kilde: Statistisk sentralbyrå)

Alder        Dødssannsynlighet pr. 1000
                Menn          Kvinner

 0              5.69            4.37
 1              0.58            0.59
 2              0.43            0.42
 3              0.31            0.29
 4              0.23            0.21
 5              0.18            0.15
 6              0.15            0.12
 7              0.15            0.10
 8              0.15            0.10
 9              0.17            0.06
10              0.20            0.06
11              0.19            0.08
12              0.20            0.09
13              0.26            0.14
14              0.30            0.18
15              0.44            0.25
16              0.59            0.27
17              0.75            0.29
18              0.86            0.34
19              0.86            0.35
20              0.83            0.35
21              0.82            0.31
22              0.81            0.27
23              0.83            0.27
24              0.86            0.27
25              0.85            0.27
26              0.87            0.31
27              0.83            0.32
28              0.84            0.38
29              0.93            0.42
30              1.04            0.41
31              1.10            0.47
32              1.16            0.52
33              1.34            0.54
34              1.48            0.58
35              1.53            0.61
36              1.45            0.65
37              1.52            0.72
38              1.60            0.72
39              1.63            0.89
40              1.76            0.97
41              1.95            1.13
42              2.20            1.26
43              2.41            1.37
44              2.56            1.41
45              2.82            1.41
46              3.05            1.49
47              3.32            1.88
48              3.60            2.11
49              3.74            2.53
50              4.02            2.70
51              4.59            2.80
52              5.17            2.91
53              5.65            3.08
54              6.24            3.25
55              6.95            3.78
56              7.69            4.25
57              8.53            4.74
58              9.52            5.26
59             11.17            5.70
60             12.55            6.23
61             14.38            7.09
62             16.14            7.64
63             17.84            8.81
64             19.30            9.79
65             20.78           10.64
66             22.82           11.94
67             24.95           12.75
68             27.41           13.80
69             31.22           14.94
70             36.10           16.55
71             40.10           18.57
72             43.77           20.46
73             48.38           23.05
74             52.56           26.63
75             56.11           29.77
76             61.50           33.94
77             68.40           39.32
78             76.24           44.88
79             83.80           50.35
80             91.98           56.65
81             99.98           63.61
82            110.62           72.07
83            122.39           79.52
84            137.51           89.27
85            150.76          101.95
86            165.16          116.04
87            175.51          129.69
88            187.82          144.40
89            211.90          160.38
90            227.56          178.54
91            243.12          198.33
92            263.80          218.69
93            282.21          236.39
94            305.33          256.27
95            320.01          274.00
96            337.85          297.46
97            343.34          315.08
98            350.93          331.88
99            358.59          348.40

