499.690,1091.000
499.751,1084.000
499.811,1087.000
499.872,1084.000
499.933,1083.000
499.993,1093.000
500.054,1086.000
500.114,1084.000
500.175,1084.000
500.235,1089.000
500.296,1084.000
500.357,1083.000
500.417,1077.000
500.478,1094.000
500.538,1196.000
500.599,3771.000
500.659,3509.000
500.720,1188.000
500.780,1093.000
500.841,1087.000
500.902,1083.000
500.962,1084.000
501.023,1082.000
501.083,1078.000
501.144,1087.000
501.204,1088.000
501.265,1080.000
501.325,1082.000
501.386,1089.000
501.446,1095.000
501.507,1094.000
501.567,1087.000
501.628,1089.000
501.688,1086.000
501.749,1087.000
501.809,1087.000
501.870,1085.000
501.930,1081.000
501.991,1093.000
502.051,1085.000
502.112,1085.000
502.172,1590.000
502.233,1717.000
502.293,1593.000
502.354,1173.000
502.414,1091.000
502.475,1093.000
502.535,1082.000
502.596,1081.000
502.656,1092.000
502.716,1177.000
502.777,2426.000
502.837,1446.000
502.898,1184.000
502.958,2096.000
503.019,2648.000
503.079,2752.000
503.139,1784.000
503.200,1102.000
503.260,1084.000
503.321,1091.000
503.381,1097.000
503.442,1074.000
503.502,1084.000
503.562,1115.000
503.623,1512.000
503.683,1089.000
503.744,1081.000
503.804,1088.000
503.864,1088.000
503.925,1079.000
503.985,1088.000
504.046,1081.000
504.106,1087.000
504.166,1090.000
504.227,1097.000
504.287,1080.000
504.347,1090.000
504.408,1085.000
504.468,1075.000
504.528,1086.000
504.589,1095.000
504.649,1092.000
504.709,1090.000
504.770,1099.000
504.830,1086.000
504.890,1083.000
504.951,1085.000
505.011,1092.000
505.071,1086.000
505.132,1102.000
505.192,1097.000
505.252,1085.000
505.313,1081.000
505.373,1086.000
505.433,1103.000
505.494,1090.000
505.554,1082.000
505.614,1087.000
505.675,1122.000
505.735,1301.000
505.795,1652.000
505.855,1286.000
505.916,1085.000
505.976,1112.000
506.036,1379.000
506.097,1349.000
506.157,1498.000
506.217,1314.000
506.277,1085.000
506.338,1077.000
506.398,1080.000
506.458,1079.000
506.518,1099.000
506.579,1087.000
506.639,1090.000
506.699,1077.000
506.759,1093.000
506.820,1074.000
506.880,1078.000
506.940,1087.000
507.000,1092.000
507.060,1089.000
507.121,1084.000
507.181,1092.000
507.241,1086.000
507.301,1086.000
507.362,1078.000
507.422,1111.000
507.482,1543.000
507.542,1250.000
507.602,1090.000
507.662,1104.000
507.723,1082.000
507.783,1081.000
507.843,1086.000
507.903,1086.000
507.963,1077.000
508.024,1080.000
508.084,1084.000
508.144,1088.000
508.204,1120.000
508.264,1583.000
508.324,2299.000
508.384,1207.000
508.445,1090.000
508.505,1093.000
508.565,1101.000
508.625,1088.000
508.685,1080.000
508.745,1091.000
508.805,1077.000
508.866,1086.000
508.926,1096.000
508.986,1079.000
509.046,1087.000
509.106,1077.000
509.166,1099.000
509.226,1078.000
509.286,1089.000
509.346,1084.000
509.407,1090.000
509.467,1094.000
509.527,1086.000
509.587,1091.000
509.647,1085.000
509.707,1085.000
509.767,1095.000
509.827,1096.000
509.887,1075.000
509.947,1088.000
510.007,1076.000
510.067,1090.000
510.127,1091.000
510.187,1090.000
510.248,1091.000
510.308,1088.000
510.368,1074.000
510.428,1090.000
510.488,1084.000
510.548,1089.000
510.608,1083.000
510.668,1081.000
510.728,1101.000
510.788,1081.000
510.848,1082.000
510.908,1089.000
510.968,1096.000
511.028,1097.000
511.088,1561.000
511.148,1417.000
511.208,1140.000
511.268,1095.000
511.328,1088.000
511.388,1085.000
511.448,1095.000
511.508,1089.000
511.568,1076.000
511.628,1094.000
511.688,1084.000
511.748,1085.000
511.808,1092.000
511.868,1196.000
511.928,1325.000
511.988,1135.000
512.047,1081.000
512.107,1178.000
512.167,1561.000
512.227,2877.000
512.287,3688.000
512.347,1659.000
512.407,1128.000
512.467,1111.000
512.527,1220.000
512.587,1108.000
512.647,1077.000
512.707,1088.000
512.767,1086.000
512.827,1088.000
512.886,1083.000
512.946,1093.000
513.006,1099.000
513.066,1102.000
513.126,1094.000
513.186,1090.000
513.246,1094.000
513.306,1093.000
513.366,1083.000
513.424,1087.000
513.485,1084.000
513.545,1127.000
513.605,1098.000
513.665,1077.000
513.725,1085.000
513.785,1089.000
513.844,1189.000
513.904,1677.000
513.964,1701.000
514.024,1390.000
514.083,1151.000
514.144,1331.000
514.203,1972.000
514.263,2225.000
514.323,1718.000
514.383,3784.000
514.443,1646.000
514.503,1570.000
514.562,2037.000
514.621,1750.000
514.682,1954.000
514.742,1339.000
514.802,1188.000
514.861,1137.000
514.921,1094.000
514.981,1077.000
515.041,1086.000
515.101,1108.000
515.160,1833.000
515.220,1354.000
515.280,1105.000
515.340,1197.000
515.399,1677.000
515.458,6113.000
515.519,6272.000
515.578,2284.000
515.638,1349.000
515.698,1107.000
515.758,1088.000
515.818,1075.000
515.876,1087.000
515.937,1093.000
515.996,1084.000
516.057,1088.000
516.116,1105.000
516.176,1730.000
516.236,1186.000
516.295,1091.000
516.355,1094.000
516.415,1103.000
516.475,1102.000
516.534,1880.000
516.594,2808.000
516.654,1681.000
516.713,1257.000
516.773,1138.000
516.833,1111.000
516.892,1128.000
516.952,1587.000
517.011,2202.000
517.071,4266.000
517.131,2107.000
517.191,1775.000
517.250,1216.000
517.309,1090.000
517.370,1091.000
517.429,1085.000
517.489,1219.000
517.549,1478.000
517.607,1494.000
517.668,1133.000
517.727,1084.000
517.787,1094.000
517.847,1079.000
517.905,1090.000
517.966,1658.000
518.025,1485.000
518.085,1101.000
518.145,1076.000
518.203,1091.000
518.264,1178.000
518.323,1555.000
518.383,1114.000
518.443,1088.000
518.501,1077.000
518.562,1085.000
518.621,1092.000
518.681,1088.000
518.741,1074.000
518.799,1089.000
518.860,1079.000
518.919,1082.000
518.979,1090.000
519.039,1087.000
519.097,1087.000
519.158,1090.000
519.217,1083.000
519.277,1079.000
519.336,1066.000
519.395,1153.000
519.455,3925.000
519.515,2018.000
519.573,1143.000
519.634,1082.000
519.693,1085.000
519.753,1082.000
519.812,1084.000
519.871,1096.000
519.931,1082.000
519.991,1083.000
520.049,1080.000
520.110,1081.000
520.169,1083.000
520.229,1114.000
520.288,1690.000
520.347,1282.000
520.407,1083.000
520.467,1096.000
520.525,1085.000
520.586,1088.000
520.645,1084.000
520.705,1084.000
520.764,1080.000
520.823,1082.000
520.883,1084.000
520.943,1086.000
521.001,1090.000
521.061,1082.000
521.121,1077.000
521.179,1095.000
521.240,1092.000
521.299,1077.000
521.359,1080.000
521.418,1083.000
521.477,1086.000
521.537,1083.000
521.596,1072.000
521.655,1081.000
521.715,1077.000
521.774,1082.000
521.833,1073.000
521.893,1082.000
521.953,1078.000
522.011,1082.000
522.071,1086.000
522.131,1079.000
522.190,1097.000
522.249,1077.000
522.309,1080.000
522.368,1085.000
522.428,1090.000
522.487,1080.000
522.546,1087.000
522.606,1077.000
522.665,1086.000
522.724,1081.000
522.784,1079.000
522.843,1081.000
522.902,1087.000
522.962,1080.000
523.020,1085.000
523.080,1083.000
523.140,1084.000
523.198,1082.000
523.258,1081.000
523.318,1083.000
523.376,1081.000
523.436,1073.000
523.495,1084.000
523.554,1090.000
523.614,1081.000
523.673,1096.000
523.732,1086.000
523.792,1084.000
523.851,1085.000
523.910,1077.000
523.970,1083.000
524.029,1075.000
524.088,1083.000
524.147,1079.000
524.207,1081.000
524.266,1083.000
524.325,1085.000
524.384,1084.000
524.444,1085.000
524.503,1087.000
524.562,1120.000
524.621,1861.000
524.681,2993.000
524.740,1191.000
524.799,1085.000
524.857,1088.000
524.917,1084.000
524.977,1076.000
525.035,1083.000
525.095,1079.000
525.154,1081.000
525.213,1077.000
525.273,1079.000
525.332,1075.000
525.391,1496.000
525.450,1820.000
525.509,1585.000
525.569,1135.000
525.628,1087.000
525.687,1575.000
525.746,1869.000
525.804,1490.000
525.864,1117.000
525.924,1081.000
525.982,1085.000
526.042,1089.000
526.101,1080.000
526.160,1083.000
526.219,1079.000
526.278,1086.000
526.337,1068.000
526.397,1082.000
526.456,1078.000
526.515,1103.000
526.573,1697.000
526.633,1164.000
526.692,1079.000
526.751,1084.000
526.809,1081.000
526.869,1088.000
526.929,1081.000
526.988,1074.000
527.047,1082.000
527.106,1101.000
527.165,1083.000
527.224,1085.000
527.283,1263.000
527.342,1846.000
527.400,1115.000
527.460,1088.000
527.519,1088.000
527.578,1122.000
527.636,1206.000
527.696,1520.000
527.755,1911.000
527.814,1703.000
527.874,1297.000
527.933,1155.000
527.992,1102.000
528.051,1087.000
528.110,1075.000
528.169,1113.000
528.227,1951.000
528.287,1179.000
528.346,1093.000
528.405,1089.000
528.464,1073.000
528.523,1073.000
528.582,1076.000
528.641,1076.000
528.700,1080.000
528.759,1084.000
528.818,1078.000
528.876,1085.000
528.936,1077.000
528.994,1086.000
529.053,1086.000
529.112,3796.000
529.171,2045.000
529.230,1180.000
529.289,1100.000
529.347,1084.000
529.407,1077.000
529.466,1074.000
529.525,1081.000
529.583,1123.000
529.643,6592.000
529.702,2037.000
529.761,1090.000
529.820,1079.000
529.879,1071.000
529.937,1069.000
529.996,1077.000
530.054,1075.000
530.114,1079.000
530.173,1076.000
530.232,1076.000
530.291,1090.000
530.350,1075.000
530.409,1089.000
530.467,1078.000
530.525,1081.000
530.585,1076.000
530.644,1130.000
530.703,2135.000
530.761,3091.000
530.821,1094.000
530.879,1076.000
530.938,1076.000
530.996,1082.000
531.056,1074.000
531.115,1073.000
531.174,1075.000
531.232,1067.000
531.291,1090.000
531.350,1079.000
531.409,1074.000
531.468,1149.000
531.527,2355.000
531.585,2202.000
531.644,1975.000
531.703,1706.000
531.761,1661.000
531.821,1489.000
531.879,1319.000
531.938,1153.000
531.996,1112.000
532.056,1082.000
532.114,1078.000
532.173,1080.000
532.232,1073.000
532.291,1078.000
532.350,1084.000
532.408,1339.000
532.467,2442.000
532.525,1145.000
532.585,1833.000
532.643,1508.000
532.702,3822.000
532.761,3362.000
532.819,7945.000
532.878,1261.000
532.937,1093.000
532.996,1074.000
533.054,1110.000
533.113,1920.000
533.172,2743.000
533.230,1877.000
533.289,4844.000
533.347,3242.000
533.407,1102.000
533.465,1072.000
533.524,1079.000
533.583,1085.000
533.641,1072.000
533.700,1079.000
533.759,1074.000
533.817,1078.000
533.876,1081.000
533.934,1071.000
533.993,1082.000
534.052,1081.000
534.111,1076.000
534.169,1070.000
534.227,1073.000
534.285,1078.000
534.345,1082.000
534.404,1069.000
534.462,1081.000
534.520,1075.000
534.580,1070.000
534.638,1101.000
534.697,1860.000
534.755,1969.000
534.814,1233.000
534.873,1088.000
534.931,1080.000
534.990,1084.000
535.048,1079.000
535.107,1077.000
535.166,1076.000
535.224,1078.000
535.283,1901.000
535.341,2425.000
535.400,1354.000
535.458,1087.000
535.517,1078.000
535.576,1076.000
535.634,1068.000
535.693,1074.000
535.751,1075.000
535.809,1078.000
535.868,1845.000
535.927,2054.000
535.985,1373.000
536.044,1076.000
536.102,1065.000
536.160,1075.000
536.219,1067.000
536.278,1088.000
536.336,1673.000
536.395,1691.000
536.453,1088.000
536.511,1084.000
536.570,1075.000
536.629,1070.000
536.687,1068.000
536.746,1064.000
536.804,1072.000
536.863,1076.000
536.921,1079.000
536.980,1083.000
537.038,1069.000
537.097,1073.000
537.155,1070.000
537.214,1066.000
537.272,1077.000
537.330,1068.000
537.389,1064.000
537.447,1078.000
537.506,1078.000
537.564,1084.000
537.623,1218.000
537.681,2129.000
537.739,1200.000
537.798,1074.000
537.856,1080.000
537.915,1080.000
537.972,1070.000
538.030,1061.000
538.090,1077.000
538.148,1078.000
538.207,1065.000
538.265,1066.000
538.323,1075.000
538.381,1077.000
538.440,1080.000
538.499,1069.000
538.557,1074.000
538.615,1072.000
538.674,1073.000
538.732,1067.000
538.790,1075.000
538.849,1067.000
538.907,1071.000
538.965,1075.000
539.024,1069.000
539.082,1070.000
539.140,1604.000
539.198,1547.000
539.256,1129.000
539.315,1077.000
539.374,1075.000
539.432,1074.000
539.490,1070.000
539.549,1071.000
539.607,1076.000
539.665,1083.000
539.722,1073.000
539.782,1072.000
539.840,1063.000
539.898,1080.000
539.957,1440.000
540.015,2732.000
540.073,2227.000
540.131,1182.000
540.190,1076.000
540.248,1079.000
540.306,1074.000
540.364,1073.000
540.423,1072.000
540.481,1068.000
540.539,1073.000
540.597,1075.000
540.655,1067.000
540.714,1078.000
540.772,1076.000
540.830,1614.000
540.888,1985.000
540.947,1228.000
541.005,1091.000
541.063,1078.000
541.121,1072.000
541.179,1074.000
541.238,1069.000
541.296,1067.000
541.354,1063.000
541.412,1072.000
541.470,1074.000
541.528,1071.000
541.587,1069.000
541.645,1069.000
541.703,1068.000
541.761,1068.000
541.819,1073.000
541.876,1067.000
541.936,1068.000
541.994,1087.000
542.052,1283.000
542.110,3678.000
542.168,1831.000
542.226,1124.000
542.284,1068.000
542.342,1067.000
542.400,1074.000
542.458,1072.000
542.517,1068.000
542.575,1068.000
542.633,1073.000
542.691,1069.000
542.749,1073.000
542.807,1070.000
542.865,1083.000
542.923,1357.000
542.981,2107.000
543.040,1093.000
543.097,1085.000
543.155,1068.000
543.214,1070.000
543.272,1077.000
543.330,1073.000
543.388,1078.000
543.446,1068.000
543.504,1067.000
543.562,1082.000
543.620,1081.000
543.678,1071.000
543.736,1075.000
543.794,1073.000
543.852,1075.000
543.910,1075.000
543.968,1069.000
544.025,1074.000
544.083,1069.000
544.142,1059.000
544.200,1070.000
544.258,1076.000
544.316,1071.000
544.374,1076.000
544.432,1064.000
544.490,1074.000
544.548,1061.000
544.606,1079.000
544.664,1148.000
544.722,6453.000
544.780,2422.000
544.838,1087.000
544.895,1065.000
544.953,1071.000
545.011,1077.000
545.070,1083.000
545.128,1073.000
545.184,1070.000
545.243,1074.000
545.301,1063.000
545.359,1078.000
545.417,1064.000
545.475,1073.000
545.533,1070.000
545.591,1080.000
545.649,1066.000
545.707,1076.000
545.765,1074.000
545.822,1081.000
545.880,1082.000
545.938,1069.000
545.996,1075.000
546.054,1072.000
546.112,1080.000
546.170,1384.000
546.227,2742.000
546.285,1080.000
546.343,1082.000
546.400,2789.000
546.458,1908.000
546.517,1136.000
546.575,1070.000
546.631,1092.000
546.690,1336.000
546.748,1894.000
546.806,2417.000
546.864,1896.000
546.922,1089.000
546.979,1066.000
547.037,1082.000
547.095,1066.000
547.153,1076.000
547.211,1071.000
547.268,1067.000
547.326,1077.000
547.384,1070.000
547.442,1068.000
547.499,1060.000
547.557,1067.000
547.615,1081.000
547.673,1206.000
547.730,1538.000
547.788,1896.000
547.846,1657.000
547.904,1068.000
547.961,1080.000
548.019,1068.000
548.077,1070.000
548.135,1058.000
548.192,1067.000
548.250,1072.000
548.308,1070.000
548.366,1062.000
548.423,1069.000
548.481,1059.000
548.539,1070.000
548.596,1122.000
548.654,3770.000
548.712,2818.000
548.769,1182.000
548.827,1072.000
548.885,1067.000
548.942,1073.000
549.000,1070.000
549.058,1249.000
549.115,1732.000
549.173,2547.000
549.231,3390.000
549.288,3590.000
549.346,2250.000
549.404,1874.000
549.461,2132.000
549.519,3440.000
549.577,3095.000
549.634,1255.000
549.692,1222.000
549.749,1810.000
549.807,1111.000
549.865,1061.000
549.922,1073.000
549.980,1091.000
550.038,1774.000
550.095,2497.000
550.153,1716.000
550.210,1339.000
550.268,1060.000
550.325,1055.000
550.383,1065.000
550.441,1069.000
550.498,1079.000
550.556,2043.000
550.613,2077.000
550.671,1101.000
550.727,1066.000
550.785,1072.000
550.844,1067.000
550.900,1062.000
550.958,1067.000
551.016,2586.000
551.073,1144.000
551.131,1067.000
551.189,1068.000
551.246,1068.000
551.304,1057.000
551.361,1068.000
551.419,1075.000
551.476,1066.000
551.534,1074.000
551.591,1236.000
551.649,2228.000
551.706,1099.000
551.764,1076.000
551.821,1072.000
551.879,1070.000
551.936,1067.000
551.994,1258.000
552.051,1853.000
552.107,1073.000
552.166,1060.000
552.222,1068.000
552.280,1059.000
552.338,1061.000
552.395,1075.000
552.453,1064.000
552.511,1061.000
552.568,1065.000
552.625,1059.000
552.683,1074.000
552.740,1072.000
552.798,1063.000
552.855,1066.000
552.912,1077.000
552.970,1144.000
553.027,1854.000
553.085,1131.000
553.142,1816.000
553.198,4174.000
553.256,1452.000
553.314,1079.000
553.371,1077.000
553.429,1066.000
553.486,1056.000
553.544,1073.000
553.601,1063.000
553.658,1070.000
553.716,1064.000
553.773,1063.000
553.830,1059.000
553.888,1057.000
553.945,1076.000
554.001,1070.000
554.059,1070.000
554.117,1072.000
554.174,1155.000
554.232,3217.000
554.289,2826.000
554.346,1300.000
554.403,1085.000
554.461,1072.000
554.518,1072.000
554.575,1062.000
554.633,1065.000
554.690,1068.000
554.746,1070.000
554.804,1060.000
554.862,1068.000
554.919,1126.000
554.976,1538.000
555.033,1508.000
555.091,1068.000
555.148,1068.000
555.205,1070.000
555.261,1058.000
555.320,1063.000
555.376,1066.000
555.434,1066.000
555.491,1070.000
555.549,1071.000
555.606,1072.000
555.663,1059.000
555.720,1071.000
555.777,1061.000
555.835,1060.000
555.892,1071.000
555.948,1067.000
556.006,1062.000
556.063,1068.000
556.120,1074.000
556.178,1240.000
556.235,1884.000
556.292,1087.000
556.349,1065.000
556.405,1073.000
556.463,1063.000
556.520,1055.000
556.578,1063.000
556.635,1064.000
556.692,1071.000
556.749,1082.000
556.806,1068.000
556.863,1066.000
556.920,1074.000
556.977,1068.000
557.035,1069.000
557.092,1062.000
557.149,1077.000
557.206,1065.000
557.263,1054.000
557.320,1069.000
557.376,1071.000
557.434,1072.000
557.491,1066.000
557.548,1065.000
557.606,1074.000
557.663,1068.000
557.720,1061.000
557.777,1062.000
557.833,1074.000
557.891,1066.000
557.948,1058.000
558.005,1073.000
558.062,1065.000
558.119,1075.000
558.176,1075.000
558.232,1063.000
558.290,1067.000
558.347,1069.000
558.404,1072.000
558.461,1075.000
558.518,1076.000
558.575,1701.000
558.631,4653.000
558.689,4427.000
558.746,13954.000
558.803,3434.000
558.860,2346.000
558.917,1798.000
558.974,1489.000
559.030,1079.000
559.088,1066.000
559.145,1074.000
559.202,1059.000
559.259,1076.000
559.316,1066.000
559.373,1062.000
559.429,1066.000
559.487,1078.000
559.543,1065.000
559.600,1079.000
559.595,1539.000
559.655,1101.000
559.714,1085.000
559.773,1073.000
559.833,1077.000
559.892,1112.000
559.951,1912.000
560.011,1266.000
560.070,1082.000
560.129,1078.000
560.189,1082.000
560.248,1080.000
560.307,1082.000
560.367,1070.000
560.426,1071.000
560.485,1086.000
560.545,1082.000
560.604,1287.000
560.663,10414.000
560.722,7573.000
560.782,4847.000
560.841,3829.000
560.900,1158.000
560.960,1089.000
561.019,1074.000
561.078,1074.000
561.136,1074.000
561.197,1087.000
561.256,1080.000
561.315,1085.000
561.375,1081.000
561.434,1092.000
561.493,1079.000
561.552,1082.000
561.612,1091.000
561.671,1078.000
561.730,1096.000
561.789,1078.000
561.847,1079.000
561.908,1090.000
561.967,1085.000
562.025,1085.000
562.085,1076.000
562.145,1084.000
562.203,1091.000
562.263,1077.000
562.322,1085.000
562.381,1081.000
562.441,1096.000
562.500,1092.000
562.559,1086.000
562.618,1083.000
562.677,1073.000
562.737,1090.000
562.796,1089.000
562.855,1639.000
562.914,1498.000
562.972,1121.000
563.032,1094.000
563.092,1090.000
563.150,1271.000
563.210,1722.000
563.269,1195.000
563.328,1088.000
563.386,1091.000
563.446,1385.000
563.506,1488.000
563.565,1113.000
563.624,1083.000
563.683,1093.000
563.742,1090.000
563.801,1091.000
563.860,1086.000
563.919,1088.000
563.979,1081.000
564.038,1086.000
564.097,1088.000
564.155,1134.000
564.215,2880.000
564.274,1191.000
564.333,1090.000
564.392,1079.000
564.451,1092.000
564.510,1088.000
564.569,1090.000
564.629,1091.000
564.688,1096.000
564.746,1088.000
564.806,1090.000
564.865,1089.000
564.924,1094.000
564.982,1108.000
565.042,1087.000
565.101,1087.000
565.160,1097.000
565.219,1103.000
565.278,1091.000
565.337,1083.000
565.395,1104.000
565.455,1101.000
565.514,1101.000
565.573,1094.000
565.631,1094.000
565.691,1106.000
565.750,1083.000
565.809,1087.000
565.868,1087.000
565.927,1089.000
565.986,1100.000
566.045,1120.000
566.104,4198.000
566.163,3482.000
566.222,1461.000
566.280,1113.000
566.340,1726.000
566.399,2080.000
566.458,2666.000
566.517,2465.000
566.576,2166.000
566.635,1459.000
566.694,1137.000
566.753,1103.000
566.812,1102.000
566.871,1230.000
566.929,2968.000
566.989,1640.000
567.048,2652.000
567.107,2342.000
567.166,1118.000
567.224,1081.000
567.283,1107.000
567.342,1098.000
567.400,1108.000
567.460,1115.000
567.519,1099.000
567.578,1089.000
567.636,1106.000
567.696,1104.000
567.755,1100.000
567.814,1114.000
567.871,1098.000
567.931,1107.000
567.990,1092.000
568.049,1096.000
568.107,1101.000
568.167,1098.000
568.226,1102.000
568.285,1105.000
568.343,1095.000
568.402,1103.000
568.461,1097.000
568.520,1184.000
568.578,1797.000
568.638,1173.000
568.696,1111.000
568.755,1106.000
568.814,1425.000
568.873,1887.000
568.932,1923.000
568.991,1210.000
569.049,1120.000
569.107,1111.000
569.167,1110.000
569.226,2478.000
569.285,1763.000
569.343,1204.000
569.402,1389.000
569.461,1688.000
569.520,1247.000
569.578,1774.000
569.636,1172.000
569.696,1126.000
569.755,1131.000
569.814,1110.000
569.873,1123.000
569.931,1108.000
569.990,1115.000
570.049,1115.000
570.107,1120.000
570.166,1111.000
570.225,1125.000
570.284,1113.000
570.343,1163.000
570.400,4253.000
570.460,2114.000
570.519,1162.000
570.578,1115.000
570.636,1133.000
570.695,1125.000
570.754,1124.000
570.812,1121.000
570.871,1122.000
570.929,1123.000
570.989,1128.000
571.047,1122.000
571.106,1121.000
571.165,1115.000
571.222,1133.000
571.282,1119.000
571.341,1125.000
571.399,1122.000
571.458,1250.000
571.517,1503.000
571.575,1135.000
571.634,1130.000
571.693,1128.000
571.751,1142.000
571.809,1134.000
571.869,1143.000
571.927,1122.000
571.986,1131.000
572.045,1123.000
572.102,1200.000
572.162,1826.000
572.221,1392.000
572.279,1133.000
572.338,1140.000
572.395,1122.000
572.455,1134.000
572.514,1131.000
572.572,1124.000
572.631,1125.000
572.690,1144.000
572.748,1131.000
572.807,1150.000
572.865,1147.000
572.924,1322.000
572.982,1815.000
573.041,1176.000
573.100,1152.000
573.158,1133.000
573.217,1135.000
573.275,1136.000
573.333,1135.000
573.392,1131.000
573.451,1139.000
573.510,1150.000
573.568,1567.000
573.626,1838.000
573.684,1874.000
573.744,1309.000
573.802,1158.000
573.861,1156.000
573.919,1148.000
573.977,1156.000
574.035,1144.000
574.095,1152.000
574.153,1133.000
574.212,1146.000
574.270,1152.000
574.328,1154.000
574.388,1134.000
574.446,1155.000
574.505,1140.000
574.563,1257.000
574.621,2846.000
574.679,1150.000
574.738,1141.000
574.797,1147.000
574.855,1180.000
574.914,1479.000
574.972,1759.000
575.030,1758.000
575.089,1163.000
575.148,1137.000
575.206,1153.000
575.265,1158.000
575.323,1160.000
575.381,1165.000
575.440,1154.000
575.498,1158.000
575.557,1153.000
575.615,1151.000
575.674,1167.000
575.732,1178.000
575.791,1164.000
575.849,1167.000
575.907,1166.000
575.966,1170.000
576.024,1142.000
576.083,1168.000
576.141,1171.000
576.198,1160.000
576.258,1163.000
576.316,1160.000
576.375,1175.000
576.433,1166.000
576.491,1169.000
576.549,1161.000
576.607,1180.000
576.666,1178.000
576.725,1160.000
576.783,1181.000
576.841,1165.000
576.900,1158.000
576.958,1164.000
577.016,1190.000
577.075,1176.000
577.133,1175.000
577.191,1155.000
577.250,1179.000
577.308,1169.000
577.366,1188.000
577.424,1164.000
577.482,1175.000
577.541,1179.000
577.600,1194.000
577.658,1496.000
577.716,1931.000
577.775,2466.000
577.833,1204.000
577.891,1854.000
577.948,1427.000
578.008,1191.000
578.066,1184.000
578.124,1189.000
578.183,1187.000
578.241,1203.000
578.299,1177.000
578.357,1209.000
578.416,1754.000
578.474,1392.000
578.532,1201.000
578.590,1186.000
578.649,1175.000
578.707,1196.000
578.765,1204.000
578.823,1198.000
578.881,1182.000
578.940,1192.000
578.998,1185.000
579.056,1178.000
579.114,1194.000
579.173,1272.000
579.231,2039.000
579.289,1293.000
579.347,1195.000
579.405,1208.000
579.464,1178.000
579.522,1199.000
579.580,1194.000
579.638,1209.000
579.696,1211.000
579.755,1208.000
579.813,1199.000
579.871,1201.000
579.929,1232.000
579.987,1887.000
580.045,1498.000
580.104,2123.000
580.162,2202.000
580.220,2301.000
580.278,3879.000
580.336,2035.000
580.394,1431.000
580.452,1259.000
580.510,1215.000
580.569,1207.000
580.626,1208.000
580.684,1217.000
580.743,1232.000
580.801,2052.000
580.859,1347.000
580.917,1225.000
580.975,1404.000
581.033,1866.000
581.092,1245.000
581.150,1214.000
581.208,1231.000
581.266,1212.000
581.323,1232.000
581.381,1809.000
581.440,1622.000
581.498,1236.000
581.556,1250.000
581.614,1224.000
581.672,1224.000
581.730,1226.000
581.788,1232.000
581.846,1222.000
581.904,1202.000
581.962,1234.000
582.020,1216.000
582.078,1227.000
582.136,1227.000
582.195,1228.000
582.253,1219.000
582.311,1233.000
582.369,5080.000
582.427,1635.000
582.485,1227.000
582.543,1233.000
582.601,1567.000
582.659,2884.000
582.717,3573.000
582.775,2775.000
582.833,3644.000
582.891,2870.000
582.948,1292.000
583.006,1233.000
583.064,1241.000
583.121,1237.000
583.179,1234.000
583.238,1238.000
583.296,1240.000
583.354,1237.000
583.412,1253.000
583.470,1234.000
583.528,1220.000
583.586,1236.000
583.644,1251.000
583.702,1239.000
583.760,1249.000
583.818,3102.000
583.876,3236.000
583.933,3109.000
583.991,3041.000
584.049,1317.000
584.107,1252.000
584.165,1244.000
584.222,1250.000
584.280,1245.000
584.339,1288.000
584.397,1554.000
584.455,4096.000
584.511,3509.000
584.570,1338.000
584.628,1252.000
584.686,1257.000
584.744,1285.000
584.802,1788.000
584.860,1343.000
584.917,1259.000
584.975,1261.000
585.033,1257.000
585.091,1267.000
585.149,1263.000
585.207,1274.000
585.264,1953.000
585.322,4487.000
585.380,1259.000
585.438,1275.000
585.496,1258.000
585.553,1265.000
585.611,1282.000
585.669,1257.000
585.727,1257.000
585.785,1280.000
585.842,1259.000
585.900,1275.000
585.958,1278.000
586.016,1260.000
586.073,1273.000
586.131,1249.000
586.189,1274.000
586.246,1264.000
586.304,1258.000
586.362,1273.000
586.420,1266.000
586.477,1259.000
586.535,1274.000
586.593,1264.000
586.650,1286.000
586.708,1271.000
586.767,1272.000
586.823,1270.000
586.881,1276.000
586.940,1267.000
586.996,1277.000
587.054,1280.000
587.113,1285.000
587.171,1345.000
587.227,1939.000
587.285,2164.000
587.344,2028.000
587.400,1458.000
587.458,1281.000
587.517,1261.000
587.573,1419.000
587.631,4854.000
587.690,3997.000
587.746,1365.000
587.804,1283.000
587.863,1289.000
587.920,1542.000
587.977,1547.000
588.035,1284.000
588.093,1272.000
588.150,1268.000
588.208,1274.000
588.266,1278.000
588.323,1279.000
588.381,1244.000
588.439,1290.000
588.496,1281.000
588.554,1270.000
588.612,1290.000
588.669,1270.000
588.727,1284.000
588.785,1283.000
588.842,1267.000
588.900,1269.000
588.957,1288.000
589.015,1274.000
589.073,1289.000
589.130,1258.000
589.188,1294.000
589.245,1282.000
589.303,2148.000
589.360,1276.000
589.418,1286.000
589.476,1260.000
589.533,1280.000
589.591,1276.000
589.648,1279.000
589.706,1272.000
589.763,1271.000
589.821,1301.000
589.878,1269.000
589.936,1306.000
589.993,1625.000
590.051,2137.000
590.107,1987.000
590.166,1466.000
590.222,1279.000
590.280,1278.000
590.338,1278.000
590.395,1267.000
590.453,1335.000
590.511,1687.000
590.568,1735.000
590.626,1300.000
590.683,1276.000
590.741,1285.000
590.798,1282.000
590.856,1272.000
590.913,1448.000
590.971,2684.000
591.028,1910.000
591.085,2079.000
591.143,2040.000
591.200,1819.000
591.258,1810.000
591.315,1860.000
591.373,1370.000
591.429,1327.000
591.487,1295.000
591.545,1300.000
591.602,1324.000
591.660,1319.000
591.717,1383.000
591.774,1406.000
591.832,1335.000
591.889,1400.000
591.947,1594.000
592.004,2111.000
592.061,1385.000
592.119,1308.000
592.176,1317.000
592.232,1313.000
592.291,1292.000
592.347,1305.000
592.405,1287.000
592.463,1319.000
592.520,1338.000
592.578,1325.000
592.635,1405.000
592.692,1543.000
592.750,1669.000
592.807,1835.000
592.864,1803.000
592.922,1777.000
592.979,1927.000
593.035,1831.000
593.094,2654.000
593.150,2594.000
593.208,2408.000
593.265,2070.000
593.323,1629.000
593.380,1284.000
593.437,1282.000
593.495,1301.000
593.552,1753.000
593.609,1702.000
593.666,1320.000
593.724,2898.000
593.780,2733.000
593.838,1285.000
593.895,1302.000
593.953,1280.000
594.010,1314.000
594.067,1634.000
594.124,1400.000
594.182,1286.000
594.239,1292.000
594.296,1280.000
594.352,1260.000
594.410,1269.000
594.468,1280.000
594.525,1267.000
594.582,1275.000
594.639,1267.000
594.697,1284.000
594.754,1294.000
594.811,1288.000
594.868,1271.000
594.924,1274.000
594.982,1265.000
595.040,1266.000
595.097,1297.000
595.154,1658.000
595.211,3095.000
595.268,2087.000
595.326,1307.000
595.383,1274.000
595.440,1276.000
595.496,1281.000
595.554,1279.000
595.611,1266.000
595.668,1270.000
595.726,1280.000
595.783,1284.000
595.840,1269.000
595.897,1267.000
595.953,1275.000
596.011,1273.000
596.068,1295.000
596.125,1280.000
596.183,1279.000
596.240,1282.000
596.297,1270.000
596.354,1246.000
596.410,1280.000
596.468,1269.000
596.525,1258.000
596.582,1274.000
596.639,1256.000
596.696,1276.000
596.753,1278.000
596.809,1270.000
596.867,1546.000
596.924,2041.000
596.982,2509.000
597.039,3776.000
597.096,2546.000
597.153,3344.000
597.210,4824.000
597.267,1940.000
597.323,1285.000
597.381,1299.000
597.438,1296.000
597.495,1266.000
597.552,1266.000
597.609,1254.000
597.666,1270.000
597.722,1270.000
597.780,1274.000
597.837,1276.000
597.894,1267.000
597.951,1274.000
598.008,1284.000
598.065,1565.000
598.121,4229.000
598.179,1504.000
598.236,1263.000
598.293,1276.000
598.349,1263.000
598.405,1250.000
598.463,1267.000
598.520,1247.000
598.577,1262.000
598.634,1298.000
598.691,1265.000
598.748,1261.000
598.804,2158.000
598.862,1910.000
598.919,1952.000
598.976,1522.000
599.033,1293.000
599.089,1267.000
599.145,1243.000
599.203,1262.000
599.260,1253.000
599.317,1241.000
599.374,1270.000
599.431,1265.000
599.488,1245.000
599.545,1253.000
599.601,1251.000
599.658,1255.000
599.715,1250.000
599.772,1261.000
599.828,1441.000
599.886,1823.000
599.943,1272.000
599.999,1252.000
600.056,1271.000
600.113,1233.000
600.170,1243.000
600.227,1246.000
600.283,1237.000
600.340,1272.000
600.397,1249.000
600.453,1261.000
600.511,1250.000
600.567,1605.000
600.624,2819.000
600.681,6358.000
600.738,5283.000
600.795,5070.000
600.851,4669.000
600.908,2301.000
600.965,1512.000
601.022,1250.000
601.078,1244.000
601.135,1240.000
601.192,1248.000
601.249,1243.000
601.304,1312.000
601.362,2756.000
601.419,3368.000
601.476,1626.000
601.532,1432.000
601.589,1245.000
601.645,1247.000
601.703,1220.000
601.759,1250.000
601.816,1241.000
601.873,1236.000
601.929,1249.000
601.986,1247.000
602.043,1239.000
602.100,1241.000
602.155,1243.000
602.213,1239.000
602.270,1244.000
602.326,1227.000
602.383,1242.000
602.440,1234.000
602.496,1249.000
602.553,1248.000
602.610,1249.000
602.666,1233.000
602.722,1226.000
602.779,1225.000
602.836,1246.000
602.893,1243.000
602.948,1229.000
603.006,1236.000
603.063,1219.000
603.119,1241.000
603.176,1237.000
603.232,1239.000
603.289,1264.000
603.346,1680.000
603.402,2226.000
603.458,3001.000
603.515,1314.000
603.572,1217.000
603.629,1238.000
603.684,1240.000
603.742,1233.000
603.798,1227.000
603.855,1221.000
603.910,1225.000
603.968,1240.000
604.025,1232.000
604.081,1225.000
604.138,1617.000
604.194,1738.000
604.251,1256.000
604.307,1214.000
604.364,1238.000
604.420,1243.000
604.477,1223.000
604.533,1224.000
604.590,1231.000
604.645,1327.000
604.703,1815.000
604.759,1285.000
604.816,1224.000
604.871,1405.000
604.929,1924.000
604.985,1266.000
605.042,1210.000
605.097,1224.000
605.155,1218.000
605.211,1227.000
605.268,1211.000
605.323,1223.000
605.381,1213.000
605.437,1228.000
605.494,1221.000
605.549,1204.000
605.606,1210.000
605.663,1202.000
605.719,1228.000
605.775,1212.000
605.832,1218.000
605.889,1211.000
605.945,1228.000
606.001,1216.000
606.058,1210.000
606.114,1209.000
606.171,1210.000
606.227,1211.000
606.283,1223.000
606.340,1208.000
606.395,1198.000
606.453,1200.000
606.509,1219.000
606.565,1204.000
606.621,1213.000
606.678,1210.000
606.734,1201.000
606.791,1226.000
606.847,1849.000
606.903,2077.000
606.960,1656.000
607.016,1341.000
607.072,1220.000
607.129,1230.000
607.184,1205.000
607.241,1208.000
607.298,1199.000
607.354,1215.000
607.410,1211.000
607.467,1198.000
607.523,1194.000
607.578,1235.000
607.636,2274.000
607.692,1634.000
607.748,2654.000
607.804,2990.000
607.861,2442.000
607.917,1260.000
607.972,1210.000
608.029,1197.000
608.086,1205.000
608.142,1201.000
608.198,1201.000
608.254,1186.000
608.311,1203.000
608.367,1208.000
608.423,1189.000
608.479,1208.000
608.535,1204.000
608.592,1202.000
608.648,1196.000
608.703,1204.000
608.761,1208.000
608.817,1196.000
608.873,1213.000
608.929,1197.000
608.985,1192.000
609.041,1186.000
609.097,1181.000
609.154,1211.000
609.210,1185.000
609.266,1208.000
609.322,1205.000
609.379,1184.000
609.434,1201.000
609.491,1237.000
609.547,1892.000
609.602,2678.000
609.659,1616.000
609.715,2242.000
609.772,2121.000
609.828,1372.000
609.884,1196.000
609.940,1496.000
609.996,1630.000
610.052,1271.000
610.107,1202.000
610.164,1184.000
610.221,1179.000
610.277,1196.000
610.333,1194.000
610.389,1187.000
610.445,1185.000
610.501,1186.000
610.557,1187.000
610.613,1186.000
610.669,1177.000
610.725,1194.000
610.780,1184.000
610.837,1194.000
610.893,1203.000
610.950,1206.000
611.006,1208.000
611.062,1202.000
611.118,1181.000
611.174,1186.000
611.230,1188.000
611.285,1198.000
611.342,1182.000
611.398,1201.000
611.453,1191.000
611.510,1186.000
611.566,1202.000
611.621,1194.000
611.678,1175.000
611.734,1199.000
611.790,1183.000
611.846,1182.000
611.902,1191.000
611.958,1186.000
612.014,1202.000
612.070,1185.000
612.126,1182.000
612.182,1180.000
612.238,1191.000
612.293,1178.000
612.349,1183.000
612.405,1196.000
612.461,1183.000
612.517,1183.000
612.573,1191.000
612.629,1177.000
612.684,1194.000
612.741,1204.000
612.797,1275.000
612.852,4135.000
612.909,3957.000
612.965,1423.000
613.020,2074.000
613.076,1366.000
613.131,1194.000
613.188,1184.000
613.244,1187.000
613.299,1190.000
613.356,1182.000
613.412,1184.000
613.467,1166.000
613.523,1172.000
613.578,1171.000
613.635,1178.000
613.691,1191.000
613.746,1514.000
613.803,2038.000
613.857,1206.000
613.914,1188.000
613.970,1196.000
614.025,1172.000
614.082,1184.000
614.136,1201.000
614.193,1635.000
614.249,2473.000
614.304,1599.000
614.361,1832.000
614.416,1843.000
614.472,2378.000
614.528,2477.000
614.583,1749.000
614.640,1780.000
614.695,2889.000
614.751,2285.000
614.807,1896.000
614.863,1791.000
614.918,3006.000
614.974,2714.000
615.030,1857.000
615.086,4280.000
615.141,5201.000
615.197,3832.000
615.253,2625.000
615.309,2057.000
615.364,1371.000
615.420,1335.000
615.476,6596.000
615.530,6317.000
615.587,1402.000
615.643,1176.000
615.698,1184.000
615.754,1162.000
615.809,1169.000
615.866,1175.000
615.921,1164.000
615.977,1169.000
616.033,1161.000
616.088,1160.000
616.144,1176.000
616.200,1177.000
616.255,1169.000
616.311,1176.000
616.367,1163.000
616.422,1161.000
616.477,1164.000
616.533,1288.000
616.589,2389.000
616.645,1258.000
616.700,1179.000
616.756,1161.000
616.812,1172.000
616.867,1176.000
616.923,1160.000
616.977,1162.000
617.034,1166.000
617.090,1173.000
617.145,1179.000
617.201,1165.000
617.256,1160.000
617.312,1175.000
617.367,1176.000
617.423,1172.000
617.479,1153.000
617.534,1166.000
617.590,1170.000
617.645,1501.000
617.701,5883.000
617.756,1916.000
617.812,2041.000
617.867,1510.000
617.862,1175.000
617.920,1174.000
617.977,1176.000
618.035,1207.000
618.094,1360.000
618.152,1220.000
618.210,1233.000
618.268,1876.000
618.326,1220.000
618.384,1168.000
618.442,1161.000
618.500,1167.000
618.558,1174.000
618.616,1157.000
618.674,1171.000
618.732,1164.000
618.790,1174.000
618.847,1175.000
618.905,1166.000
618.964,1161.000
619.022,1164.000
619.080,1157.000
619.138,1164.000
619.196,1159.000
619.254,1158.000
619.312,1165.000
619.370,1187.000
619.428,1159.000
619.486,1152.000
619.544,1162.000
619.602,1179.000
619.660,1157.000
619.718,1170.000
619.775,1160.000
619.833,1930.000
619.892,2915.000
619.948,2870.000
620.006,2762.000
620.065,3065.000
620.123,2793.000
620.181,1205.000
620.239,1161.000
620.297,1170.000
620.355,1178.000
620.413,1178.000
620.471,1153.000
620.528,1153.000
620.586,1272.000
620.644,2151.000
620.702,1630.000
620.760,1161.000
620.818,1168.000
620.876,1161.000
620.934,1158.000
620.991,1169.000
621.049,1166.000
621.107,1168.000
621.165,1162.000
621.222,1172.000
621.280,1160.000
621.339,1156.000
621.395,1165.000
621.453,1155.000
621.511,1164.000
621.570,1164.000
621.628,1153.000
621.684,1154.000
621.743,1159.000
621.801,1150.000
621.859,1163.000
621.917,1169.000
621.974,1167.000
622.032,1150.000
622.090,1156.000
622.148,1162.000
622.206,1157.000
622.263,1165.000
622.321,1168.000
622.379,1172.000
622.437,1162.000
622.495,1151.000
622.552,1160.000
622.610,1173.000
622.668,1169.000
622.726,1163.000
622.783,1171.000
622.841,1157.000
622.899,1160.000
622.957,1172.000
623.014,1167.000
623.072,1177.000
623.130,1170.000
623.187,1162.000
623.245,1147.000
623.303,1162.000
623.361,1170.000
623.418,1164.000
623.476,1160.000
623.534,1159.000
623.591,1165.000
623.649,1156.000
623.707,1153.000
623.765,1864.000
623.822,1872.000
623.880,1225.000
623.938,1157.000
623.995,1152.000
624.053,1160.000
624.111,1152.000
624.168,1147.000
624.226,1166.000
624.284,1171.000
624.341,1168.000
624.399,1152.000
624.457,1164.000
624.514,1165.000
624.572,1174.000
624.629,1159.000
624.687,1169.000
624.745,1159.000
624.802,1237.000
624.860,2811.000
624.918,3365.000
624.975,1231.000
625.033,1173.000
625.090,1160.000
625.148,1158.000
625.206,1175.000
625.263,1167.000
625.321,1151.000
625.378,1152.000
625.436,1174.000
625.494,1164.000
625.551,1158.000
625.609,1153.000
625.666,1153.000
625.724,1171.000
625.780,1163.000
625.839,1165.000
625.897,1154.000
625.953,1498.000
626.011,1900.000
626.069,1739.000
626.126,1724.000
626.184,1257.000
626.242,1164.000
626.299,1176.000
626.357,1173.000
626.414,1165.000
626.472,1165.000
626.529,1673.000
626.587,3063.000
626.645,2759.000
626.702,2527.000
626.760,2094.000
626.817,1213.000
626.875,1796.000
626.932,1484.000
626.990,1197.000
627.047,1156.000
627.104,1164.000
627.162,1179.000
627.219,1149.000
627.277,1150.000
627.333,1171.000
627.392,1163.000
627.448,1173.000
627.506,1166.000
627.564,1182.000
627.621,1995.000
627.679,1689.000
627.737,1223.000
627.794,1169.000
627.851,1444.000
627.909,2025.000
627.966,1192.000
628.024,1170.000
628.081,1167.000
628.139,1159.000
628.196,1158.000
628.253,1166.000
628.311,5948.000
628.368,2676.000
628.426,1171.000
628.482,1173.000
628.540,1185.000
628.597,1175.000
628.655,1153.000
628.713,1162.000
628.770,1168.000
628.827,1163.000
628.885,1330.000
628.942,2503.000
628.999,2729.000
629.057,1679.000
629.114,1192.000
629.171,1162.000
629.229,1165.000
629.285,1171.000
629.344,1165.000
629.400,1768.000
629.458,1551.000
629.516,1223.000
629.573,1159.000
629.630,1177.000
629.688,1156.000
629.745,1172.000
629.802,1149.000
629.859,1160.000
629.917,1163.000
629.974,1169.000
630.030,1164.000
630.089,1173.000
630.145,1179.000
630.203,1163.000
630.261,1185.000
630.318,1178.000
630.375,1159.000
630.432,1188.000
630.490,1745.000
630.547,7610.000
630.604,2339.000
630.660,1269.000
630.719,1167.000
630.775,1151.000
630.833,1685.000
630.890,2149.000
630.948,1774.000
631.005,2297.000
631.062,1501.000
631.119,1492.000
631.177,1978.000
631.234,1306.000
631.291,1161.000
631.347,1176.000
631.405,1168.000
631.463,1167.000
631.520,1181.000
631.577,1158.000
631.634,1172.000
631.691,1170.000
631.749,1161.000
631.806,1155.000
631.863,1179.000
631.920,1162.000
631.977,1151.000
632.035,3408.000
632.092,2177.000
632.149,1170.000
632.206,1172.000
632.263,1146.000
632.320,1165.000
632.376,1172.000
632.434,1165.000
632.492,1161.000
632.549,1180.000
632.606,1162.000
632.663,1171.000
632.720,1153.000
632.777,1185.000
632.835,1175.000
632.892,1176.000
632.948,1848.000
633.006,2017.000
633.063,1417.000
633.120,1196.000
633.177,1754.000
633.234,1322.000
633.291,1178.000
633.347,1173.000
633.405,1193.000
633.463,2110.000
633.520,7496.000
633.577,1952.000
633.634,1790.000
633.691,2480.000
633.748,3089.000
633.804,2858.000
633.862,2317.000
633.919,1873.000
633.976,2357.000
634.033,2258.000
634.090,2099.000
634.147,1806.000
634.203,2637.000
634.261,1942.000
634.318,1375.000
634.375,1241.000
634.432,1488.000
634.489,5556.000
634.546,7697.000
634.602,1386.000
634.660,1209.000
634.717,1232.000
634.774,1170.000
634.831,1176.000
634.888,1178.000
634.945,1161.000
635.001,1169.000
635.059,1179.000
635.116,1173.000
635.173,1151.000
635.230,1174.000
635.287,1175.000
635.344,1163.000
635.400,1158.000
635.458,1183.000
635.515,1239.000
635.572,1610.000
635.629,2075.000
635.686,3906.000
635.743,3629.000
635.799,2340.000
635.856,3987.000
635.913,2309.000
635.970,1945.000
636.027,1828.000
636.083,1770.000
636.141,1600.000
636.198,1255.000
636.255,1168.000
636.312,1166.000
636.369,1170.000
636.424,1165.000
636.482,1166.000
636.539,1167.000
636.596,1165.000
636.653,1169.000
636.710,1169.000
636.767,1170.000
636.823,1173.000
636.880,1156.000
636.937,1178.000
636.994,2913.000
637.051,1880.000
637.107,1322.000
637.165,1276.000
637.221,1724.000
637.278,1219.000
637.335,1173.000
637.392,1161.000
637.448,1165.000
637.506,1178.000
637.562,1182.000
637.619,1172.000
637.676,1165.000
637.732,1150.000
637.790,1166.000
637.846,1167.000
637.903,1153.000
637.960,1158.000
638.017,1174.000
638.073,1171.000
638.130,1178.000
638.187,1167.000
638.244,1164.000
638.301,1167.000
638.357,1172.000
638.414,1208.000
638.471,1986.000
638.528,1344.000
638.583,1308.000
638.641,1781.000
638.698,2038.000
638.754,1975.000
638.811,3436.000
638.868,1935.000
638.924,1178.000
638.981,1178.000
639.038,1163.000
639.095,1184.000
639.150,1420.000
639.208,5882.000
639.265,1701.000
639.322,1204.000
639.378,1161.000
639.434,1164.000
639.492,1165.000
639.548,1165.000
639.605,1172.000
639.662,1174.000
639.718,1159.000
639.775,1167.000
639.832,1177.000
639.888,1179.000
639.945,1159.000
640.001,1168.000
640.058,1170.000
640.115,1153.000
640.171,1178.000
640.227,1596.000
640.285,1642.000
640.341,1506.000
640.398,1242.000
640.455,1183.000
640.511,1164.000
640.568,1190.000
640.624,1155.000
640.681,1166.000
640.738,1171.000
640.794,1161.000
640.851,1170.000
640.907,1187.000
640.964,1635.000
641.020,1659.000
641.077,1272.000
641.134,1174.000
641.190,1173.000
641.246,1181.000
641.303,1183.000
641.360,1167.000
641.416,1174.000
641.472,1169.000
641.529,1171.000
641.586,1170.000
641.643,1175.000
641.698,1166.000
641.756,1165.000
641.812,1166.000
641.869,1185.000
641.924,1162.000
641.982,1167.000
642.038,1172.000
642.095,1179.000
642.150,1187.000
642.208,1173.000
642.264,1169.000
642.321,1173.000
642.376,1178.000
642.434,1155.000
642.490,1178.000
642.547,1163.000
642.602,1174.000
642.659,1168.000
642.716,1172.000
642.772,1163.000
642.828,1172.000
642.885,1171.000
642.942,1171.000
642.998,1161.000
643.054,1178.000
643.111,1177.000
643.167,1172.000
643.224,1164.000
643.280,1157.000
643.337,1173.000
643.393,1167.000
643.450,1192.000
643.506,2256.000
643.562,1583.000
643.619,1184.000
643.674,1185.000
643.732,1176.000
643.788,1180.000
643.844,1175.000
643.900,1177.000
643.957,1166.000
644.013,1174.000
644.070,1163.000
644.126,1167.000
644.183,1177.000
644.239,1167.000
644.295,1167.000
644.352,1174.000
644.408,1179.000
644.464,1162.000
644.520,1172.000
644.577,1171.000
644.633,1181.000
644.690,1181.000
644.746,1179.000
644.802,1176.000
644.859,1176.000
644.915,1169.000
644.971,1171.000
645.027,1175.000
645.083,1168.000
645.140,1160.000
645.196,1175.000
645.253,1177.000
645.309,1172.000
645.365,1171.000
645.421,1164.000
645.477,1184.000
645.534,1369.000
645.590,1670.000
645.647,1190.000
645.703,1169.000
645.759,1177.000
645.815,1181.000
645.871,1174.000
645.928,1171.000
645.984,1240.000
646.040,1986.000
646.096,1251.000
646.153,1174.000
646.208,1162.000
646.265,1179.000
646.321,1183.000
646.376,1170.000
646.434,1182.000
646.490,1190.000
646.546,4319.000
646.602,3235.000
646.658,5142.000
646.715,3318.000
646.770,1290.000
646.827,1194.000
646.883,1849.000
646.939,1303.000
646.996,1170.000
647.052,1166.000
647.107,1167.000
647.164,1172.000
647.220,1180.000
647.275,1512.000
647.332,1947.000
647.389,2138.000
647.445,2304.000
647.501,1784.000
647.557,1231.000
647.613,1164.000
647.669,1178.000
647.725,1168.000
647.780,1177.000
647.837,1176.000
647.894,1169.000
647.950,1171.000
648.006,1189.000
648.062,1168.000
648.118,1168.000
648.174,1167.000
648.230,1171.000
648.285,1170.000
648.342,1196.000
648.398,1160.000
648.453,1176.000
648.510,1191.000
648.566,1162.000
648.623,1162.000
648.679,1180.000
648.735,1165.000
648.791,1162.000
648.847,1176.000
648.903,1164.000
648.958,1179.000
649.015,1188.000
649.071,1167.000
649.126,1173.000
649.183,1170.000
649.239,1185.000
649.295,1192.000
649.351,1170.000
649.407,1175.000
649.463,1180.000
649.519,1167.000
649.575,1162.000
649.631,1167.000
649.687,1166.000
649.743,1176.000
649.799,1175.000
649.855,1177.000
649.910,1178.000
649.966,1185.000
650.022,1178.000
650.078,1184.000
650.134,1165.000
650.190,1188.000
650.246,1177.000
650.302,1165.000
650.357,1162.000
650.414,1171.000
650.470,1178.000
650.525,1175.000
650.582,1160.000
650.638,1178.000
650.693,1178.000
650.749,1197.000
650.804,1166.000
650.861,1167.000
650.917,1185.000
650.972,1163.000
651.029,1170.000
651.085,1165.000
651.141,1159.000
651.196,1165.000
651.251,1168.000
651.308,1185.000
651.364,1183.000
651.420,1455.000
651.476,1428.000
651.532,1190.000
651.587,1200.000
651.643,2040.000
651.698,2535.000
651.755,1229.000
651.811,1172.000
651.866,1170.000
651.922,1182.000
651.977,1180.000
652.034,1176.000
652.090,1152.000
652.145,1175.000
652.201,1177.000
652.256,1171.000
652.313,1166.000
652.369,1191.000
652.424,1171.000
652.480,1740.000
652.535,1379.000
652.592,1177.000
652.647,1171.000
652.703,1176.000
652.759,1182.000
652.815,1171.000
652.870,1172.000
652.926,1168.000
652.982,1173.000
653.038,1170.000
653.093,1170.000
653.149,1178.000
653.205,1176.000
653.261,1950.000
653.316,1606.000
653.371,1209.000
653.428,1175.000
653.482,1181.000
653.539,1216.000
653.595,1382.000
653.650,1551.000
653.706,1785.000
653.761,2482.000
653.817,1517.000
653.873,1189.000
653.929,1182.000
653.984,1178.000
654.040,1172.000
654.096,1173.000
654.150,1161.000
654.207,1183.000
654.263,1179.000
654.318,1187.000
654.374,1168.000
654.429,1175.000
654.485,1182.000
654.541,1667.000
654.597,2267.000
654.652,1399.000
654.708,1173.000
654.763,1158.000
654.819,1170.000
654.875,1165.000
654.929,1168.000
654.986,1185.000
655.041,1179.000
655.097,1159.000
655.152,1160.000
655.208,1184.000
655.264,1173.000
655.319,1162.000
655.375,1162.000
655.429,1182.000
655.486,1148.000
655.541,1158.000
655.597,1170.000
655.652,1170.000
655.708,1165.000
655.764,1188.000
655.819,1959.000
655.875,3822.000
655.929,1306.000
655.986,1175.000
656.041,1162.000
656.097,1156.000
656.152,1165.000
656.208,1221.000
656.263,1813.000
656.319,1216.000
656.374,1150.000
656.429,1167.000
656.485,1177.000
656.541,1173.000
656.596,1164.000
656.650,1180.000
656.707,1169.000
656.761,1286.000
656.818,2349.000
656.873,3071.000
656.929,2461.000
656.984,1255.000
657.040,1173.000
657.095,1174.000
657.150,1170.000
657.206,1174.000
657.261,1172.000
657.317,1165.000
657.371,1147.000
657.428,1169.000
657.482,1171.000
657.538,1157.000
657.594,1167.000
657.649,1153.000
657.705,1168.000
657.760,1165.000
657.815,1165.000
657.871,1175.000
657.926,1149.000
657.981,1165.000
658.037,1157.000
658.092,1166.000
658.148,1176.000
658.203,1160.000
658.258,1177.000
658.314,1164.000
658.369,1166.000
658.424,1162.000
658.480,1162.000
658.535,1172.000
658.590,1159.000
658.645,1158.000
658.701,1161.000
658.756,1230.000
658.811,1701.000
658.867,1538.000
658.922,1169.000
658.977,1153.000
659.033,1164.000
659.088,1151.000
659.143,1143.000
659.198,1155.000
659.254,1165.000
659.309,1154.000
659.364,1162.000
659.420,1479.000
659.475,1427.000
659.530,1688.000
659.585,2097.000
659.641,1956.000
659.696,1828.000
659.751,2346.000
659.806,1661.000
659.862,1660.000
659.917,1958.000
659.972,1794.000
660.027,1826.000
660.082,2311.000
660.138,3461.000
660.193,2274.000
660.248,2164.000
660.303,1166.000
660.357,1159.000
660.414,1252.000
660.469,1280.000
660.524,1188.000
660.578,1157.000
660.634,1161.000
660.689,1149.000
660.745,1158.000
660.799,1158.000
660.855,1164.000
660.910,1181.000
660.965,1365.000
661.020,4018.000
661.075,2112.000
661.131,1204.000
661.186,1165.000
661.241,1153.000
661.296,1143.000
661.351,1158.000
661.405,1169.000
661.461,1155.000
661.516,1168.000
661.571,1181.000
661.626,1172.000
661.682,1546.000
661.737,1353.000
661.792,1160.000
661.847,1147.000
661.902,1171.000
661.957,1193.000
662.011,1181.000
662.067,1180.000
662.121,1335.000
662.177,2267.000
662.232,1281.000
662.287,1151.000
662.342,1146.000
662.397,1152.000
662.452,1152.000
662.506,1155.000
662.563,1147.000
662.618,1173.000
662.673,1166.000
662.727,1144.000
662.783,1152.000
662.838,1147.000
662.893,1150.000
662.948,1137.000
663.003,1154.000
663.058,1157.000
663.113,1143.000
663.167,1149.000
663.222,1147.000
663.277,1155.000
663.332,1161.000
663.386,1146.000
663.442,1165.000
663.496,1164.000
663.552,1152.000
663.607,1146.000
663.662,1151.000
663.717,1147.000
663.772,1153.000
663.827,1200.000
663.881,2208.000
663.937,4585.000
663.992,2731.000
664.047,1195.000
664.101,1146.000
664.155,1150.000
664.211,1143.000
664.266,1157.000
664.321,1166.000
664.376,1142.000
664.431,1147.000
664.486,1142.000
664.541,1144.000
664.595,1142.000
664.650,1148.000
664.705,1148.000
664.760,1143.000
664.815,1143.000
664.870,1153.000
664.924,1157.000
664.979,1151.000
665.034,1152.000
665.089,1164.000
665.144,1146.000
665.198,1164.000
665.253,1143.000
665.308,1144.000
665.363,1132.000
665.418,1141.000
665.472,1157.000
665.527,1139.000
665.582,1147.000
665.636,1145.000
665.692,1147.000
665.746,1159.000
665.801,1136.000
665.856,1160.000
665.910,1463.000
665.966,1977.000
666.020,1173.000
666.075,1151.000
666.130,1133.000
666.184,1137.000
666.239,1136.000
666.294,1143.000
666.349,1139.000
666.404,1139.000
666.458,1148.000
666.513,1839.000
666.568,1962.000
666.621,1209.000
666.677,1186.000
666.732,1734.000
666.787,1390.000
666.841,1144.000
666.895,1161.000
666.951,1932.000
667.005,4342.000
667.059,4151.000
667.115,2254.000
667.169,1569.000
667.224,1162.000
667.279,1147.000
667.333,1150.000
667.388,1156.000
667.443,1161.000
667.496,1138.000
667.552,1147.000
667.607,1156.000
667.660,1140.000
667.716,1146.000
667.770,1150.000
667.825,1767.000
667.880,3169.000
667.934,2682.000
667.989,1492.000
668.043,1216.000
668.097,1156.000
668.153,1146.000
668.207,1133.000
668.261,1128.000
668.316,1135.000
668.371,1142.000
668.424,1314.000
668.480,1968.000
668.535,2048.000
668.589,1933.000
668.644,1712.000
668.698,1946.000
668.753,1353.000
668.807,1156.000
668.862,1167.000
668.916,2082.000
668.971,8073.000
669.025,2947.000
669.080,1185.000
669.134,1141.000
669.189,1133.000
669.243,1162.000
669.298,1457.000
669.352,1753.000
669.407,1150.000
669.461,1136.000
669.516,1147.000
669.570,1145.000
669.625,1149.000
669.679,1152.000
669.734,1127.000
669.788,1141.000
669.843,1159.000
669.897,1145.000
669.952,1172.000
670.006,1631.000
670.061,2552.000
670.115,3219.000
670.169,2766.000
670.224,1675.000
670.278,1187.000
670.333,1129.000
670.386,1147.000
670.441,1130.000
670.496,1143.000
670.549,1124.000
670.605,1480.000
670.659,1397.000
670.713,1148.000
670.768,1184.000
670.822,1949.000
670.876,1662.000
670.931,1146.000
670.985,1136.000
671.040,1138.000
671.094,1131.000
671.148,1143.000
671.203,1131.000
671.256,1135.000
671.311,1130.000
671.366,1142.000
671.420,1139.000
671.474,1144.000
671.529,1118.000
671.583,1130.000
671.636,1127.000
671.692,1143.000
671.746,1125.000
671.799,1515.000
671.855,1699.000
671.909,1216.000
671.963,1130.000
672.017,1137.000
672.072,1133.000
672.126,1133.000
672.179,1127.000
672.235,1150.000
672.289,1131.000
672.343,1125.000
672.397,1145.000
672.452,1131.000
672.506,1143.000
672.559,1408.000
672.614,3487.000
672.669,1368.000
672.722,1141.000
672.777,1121.000
672.831,1126.000
672.885,1128.000
672.940,1236.000
672.994,1753.000
673.048,1139.000
673.102,1131.000
673.155,1138.000
673.211,1129.000
673.265,1135.000
673.319,1139.000
673.373,1191.000
673.427,6250.000
673.481,1544.000
673.535,1146.000
673.590,1128.000
673.644,1126.000
673.698,1135.000
673.751,1130.000
673.806,1121.000
673.861,1117.000
673.915,1125.000
673.969,1126.000
674.023,1127.000
674.077,1125.000
674.131,1124.000
674.184,1132.000
674.239,1129.000
674.293,1134.000
674.347,1138.000
674.402,1144.000
674.456,1121.000
674.510,1134.000
674.564,1121.000
674.618,1121.000
674.672,1142.000
674.726,1141.000
674.721,1437.000
674.778,1405.000
674.833,1610.000
674.891,3270.000
674.948,3901.000
675.004,1829.000
675.061,1188.000
675.118,1118.000
675.174,1139.000
675.231,1135.000
675.287,1134.000
675.344,1139.000
675.400,1172.000
675.457,2015.000
675.514,1608.000
675.571,1909.000
675.626,1180.000
675.684,1131.000
675.740,1143.000
675.797,1133.000
675.854,1150.000
675.910,1283.000
675.967,4729.000
676.023,2010.000
676.080,1522.000
676.136,1284.000
676.193,1194.000
676.250,1155.000
676.306,1151.000
676.363,1141.000
676.419,1167.000
676.476,2417.000
676.532,2196.000
676.589,1303.000
676.645,1980.000
676.702,1170.000
676.759,1134.000
676.815,1144.000
676.871,1131.000
676.928,1150.000
676.985,1135.000
677.041,1128.000
677.097,1207.000
677.154,3130.000
677.211,2532.000
677.267,1256.000
677.323,1142.000
677.380,1121.000
677.437,1138.000
677.493,1126.000
677.549,1142.000
677.606,1188.000
677.663,1506.000
677.719,1218.000
677.775,1147.000
677.832,1120.000
677.889,1163.000
677.945,1591.000
678.001,1212.000
678.058,1132.000
678.114,1131.000
678.171,1129.000
678.227,1128.000
678.284,1129.000
678.340,1130.000
678.397,1134.000
678.453,1125.000
678.509,1118.000
678.566,1130.000
678.621,1124.000
678.679,1136.000
678.735,1130.000
678.791,1125.000
678.847,1145.000
678.904,1125.000
678.961,1132.000
679.017,1138.000
679.073,1132.000
679.130,1116.000
679.186,1117.000
679.243,1125.000
679.299,1129.000
679.355,1154.000
679.412,1246.000
679.468,1433.000
679.524,1896.000
679.581,2221.000
679.636,3087.000
679.693,2478.000
679.750,1878.000
679.806,1756.000
679.862,1434.000
679.919,1194.000
679.975,1134.000
680.030,1127.000
680.088,1124.000
680.144,1134.000
680.200,1139.000
680.256,1404.000
680.313,2653.000
680.369,1652.000
680.426,1153.000
680.482,1136.000
680.538,1119.000
680.594,1122.000
680.650,1127.000
680.707,1127.000
680.763,1117.000
680.820,1122.000
680.876,1129.000
680.932,1127.000
680.988,1133.000
681.045,1123.000
681.101,1129.000
681.157,1127.000
681.213,1326.000
681.270,2145.000
681.326,1450.000
681.381,1777.000
681.438,2168.000
681.495,2549.000
681.551,3182.000
681.607,1850.000
681.663,2163.000
681.719,1851.000
681.775,2067.000
681.832,2058.000
681.888,1141.000
681.944,1122.000
682.000,1119.000
682.057,1127.000
682.113,1111.000
682.169,1123.000
682.225,1121.000
682.280,1125.000
682.337,1123.000
682.394,1140.000
682.450,1155.000
682.506,1217.000
682.562,1359.000
682.618,1315.000
682.674,1219.000
682.731,1143.000
682.787,1136.000
682.843,1113.000
682.899,1119.000
682.955,1131.000
683.011,1245.000
683.067,2097.000
683.124,1166.000
683.179,1589.000
683.236,1737.000
683.292,1161.000
683.347,1111.000
683.404,1124.000
683.460,1120.000
683.516,1126.000
683.572,1126.000
683.628,1145.000
683.684,1955.000
683.741,1145.000
683.797,1693.000
683.852,2270.000
683.909,1616.000
683.965,1247.000
684.020,1123.000
684.077,1138.000
684.133,2046.000
684.189,1647.000
684.245,1145.000
684.301,1128.000
684.357,1119.000
684.413,1111.000
684.469,1117.000
684.525,1120.000
684.581,1123.000
684.636,1123.000
684.693,1123.000
684.749,1132.000
684.804,1316.000
684.861,1541.000
684.917,2032.000
684.972,1612.000
685.029,1927.000
685.085,1127.000
685.141,1124.000
685.197,1123.000
685.253,1117.000
685.309,1125.000
685.365,1117.000
685.421,1119.000
685.477,1112.000
685.533,1130.000
685.589,1137.000
685.645,1119.000
685.701,1126.000
685.756,1120.000
685.813,1123.000
685.869,1174.000
685.924,3361.000
685.981,3877.000
686.037,1321.000
686.092,1131.000
686.148,1115.000
686.203,1127.000
686.260,1117.000
686.316,1126.000
686.371,1114.000
686.428,1110.000
686.484,1117.000
686.540,1129.000
686.596,1161.000
686.650,1840.000
686.707,1524.000
686.763,1162.000
686.819,1120.000
686.875,1111.000
686.931,1120.000
686.987,1126.000
687.042,1127.000
687.097,1119.000
687.154,1125.000
687.210,1119.000
687.266,1127.000
687.322,1129.000
687.378,1106.000
687.433,1116.000
687.489,1127.000
687.545,1119.000
687.601,1173.000
687.657,1828.000
687.712,1345.000
687.768,1118.000
687.823,1111.000
687.880,1128.000
687.936,1125.000
687.991,1116.000
688.047,1111.000
688.102,1105.000
688.159,1120.000
688.215,1125.000
688.270,1122.000
688.326,1123.000
688.381,1121.000
688.438,1121.000
688.493,1116.000
688.549,1109.000
688.605,1114.000
688.660,1123.000
688.716,1119.000
688.772,1116.000
688.828,1118.000
688.884,1121.000
688.939,1113.000
688.995,1114.000
689.051,1119.000
689.106,1119.000
689.162,1118.000
689.218,1120.000
689.274,1122.000
689.328,1111.000
689.385,1150.000
689.441,1655.000
689.496,1949.000
689.552,2228.000
689.607,1576.000
689.663,1137.000
689.719,1367.000
689.775,1928.000
689.830,2653.000
689.886,2188.000
689.942,1206.000
689.996,1124.000
690.053,1121.000
690.109,1117.000
690.164,1118.000
690.220,1116.000
690.275,1128.000
690.331,1653.000
690.386,1963.000
690.442,2056.000
690.498,2797.000
690.554,2242.000
690.609,1143.000
690.665,2330.000
690.720,1489.000
690.775,1138.000
690.832,1116.000
690.886,1120.000
690.943,1117.000
690.998,1112.000
691.054,1115.000
691.110,1107.000
691.165,1108.000
691.221,1111.000
691.275,1119.000
691.332,1750.000
691.386,2186.000
691.443,1822.000
691.498,1491.000
691.554,2412.000
691.609,1990.000
691.665,1259.000
691.721,1129.000
691.775,1187.000
691.832,2840.000
691.886,3013.000
691.943,1788.000
691.998,1756.000
692.054,1144.000
692.109,1150.000
692.165,2453.000
692.220,1837.000
692.275,2256.000
692.331,1418.000
692.386,1131.000
692.442,1132.000
692.498,1402.000
692.553,2243.000
692.609,6149.000
692.664,3176.000
692.719,1510.000
692.775,1179.000
692.830,2994.000
692.886,4404.000
692.941,1201.000
692.996,1123.000
693.052,1117.000
693.107,1107.000
693.163,1109.000
693.218,1112.000
693.274,1121.000
693.328,1109.000
693.385,1116.000
693.440,1116.000
693.495,1108.000
693.551,1681.000
693.606,1596.000
693.662,1127.000
693.717,1108.000
693.772,1113.000
693.828,1110.000
693.883,1113.000
693.939,1119.000
693.994,1162.000
694.049,4163.000
694.105,5355.000
694.160,1238.000
694.215,1112.000
694.270,1231.000
694.326,2654.000
694.381,2543.000
694.437,2725.000
694.492,1449.000
694.547,1138.000
694.602,1113.000
694.658,1121.000
694.713,1123.000
694.769,1350.000
694.823,1731.000
694.879,1534.000
694.934,1107.000
694.990,1103.000
695.045,1107.000
695.101,1108.000
695.155,1097.000
695.211,1104.000
695.266,1117.000
695.322,1117.000
695.376,1115.000
695.432,1181.000
695.487,2169.000
695.543,3270.000
695.597,1819.000
695.653,1136.000
695.708,1116.000
695.764,1125.000
695.819,1436.000
695.874,4222.000
695.929,1354.000
695.985,1116.000
696.040,1106.000
696.095,1116.000
696.150,1102.000
696.206,1107.000
696.261,1119.000
696.316,1592.000
696.371,2042.000
696.426,2790.000
696.482,1517.000
696.537,1117.000
696.592,1107.000
696.647,1106.000
696.702,1105.000
696.756,1118.000
696.813,1134.000
696.868,1536.000
696.923,2391.000
696.977,1166.000
697.033,1154.000
697.088,1478.000
697.144,2299.000
697.198,1157.000
697.254,1110.000
697.309,1108.000
697.364,1104.000
697.419,1095.000
697.474,1108.000
697.529,1109.000
697.585,1111.000
697.640,1101.000
697.695,1108.000
697.750,1095.000
697.804,1106.000
697.860,1111.000
697.915,1112.000
697.970,1106.000
698.025,1102.000
698.080,1107.000
698.135,1111.000
698.191,1101.000
698.246,1113.000
698.301,1108.000
698.356,1125.000
698.410,1338.000
698.466,1882.000
698.520,1904.000
698.576,1121.000
698.631,1105.000
698.686,1095.000
698.741,1112.000
698.796,1110.000
698.851,1104.000
698.905,1093.000
698.961,1101.000
699.016,1103.000
699.071,1095.000
699.126,1090.000
699.181,1101.000
699.236,1107.000
699.291,1877.000
699.346,2868.000
699.400,1806.000
699.456,1173.000
699.511,1113.000
699.566,1098.000
699.621,1116.000
699.676,1099.000
699.731,1106.000
699.785,1113.000
699.841,1107.000
699.895,1270.000
699.951,2298.000
700.006,1147.000
700.059,1093.000
700.115,1095.000
700.170,1098.000
700.225,1095.000
700.280,1090.000
700.335,1107.000
700.390,1098.000
700.445,1109.000
700.500,1100.000
700.554,1157.000
700.610,1581.000
700.664,1121.000
700.719,1098.000
700.774,1112.000
700.828,1097.000
700.884,1104.000
700.939,1130.000
700.994,2572.000
701.049,1393.000
701.102,1115.000
701.158,1108.000
701.213,1106.000
701.268,1111.000
701.323,1228.000
701.378,2858.000
701.432,1413.000
701.487,1339.000
701.542,2096.000
701.597,2195.000
701.652,2054.000
701.706,1141.000
701.761,1098.000
701.816,1103.000
701.871,1110.000
701.926,1103.000
701.980,1101.000
702.035,1098.000
702.090,1086.000
702.145,1096.000
702.200,1097.000
702.254,1105.000
702.309,1097.000
702.364,1099.000
702.419,1087.000
702.472,1091.000
702.528,1085.000
702.583,1108.000
702.638,1100.000
702.692,1083.000
702.746,1088.000
702.802,1103.000
702.857,1096.000
702.910,1104.000
702.966,1093.000
703.020,1152.000
703.075,1904.000
703.130,1321.000
703.184,1105.000
703.240,1098.000
703.294,1095.000
703.349,1100.000
703.404,1091.000
703.458,1106.000
703.513,1087.000
703.568,1104.000
703.621,1096.000
703.677,1092.000
703.732,1098.000
703.785,1096.000
703.841,1095.000
703.895,1113.000
703.950,1095.000
704.005,1086.000
704.059,1391.000
704.114,1399.000
704.169,1155.000
704.222,1665.000
704.278,1125.000
704.333,1113.000
704.386,1095.000
704.442,1117.000
704.496,1722.000
704.551,1330.000
704.606,1108.000
704.660,1160.000
704.715,1490.000
704.769,1108.000
704.823,1099.000
704.878,1107.000
704.933,1098.000
704.988,1089.000
705.042,1100.000
705.097,1097.000
705.150,1106.000
705.206,1217.000
705.260,1270.000
705.315,1109.000
705.369,1090.000
705.424,1095.000
705.479,1098.000
705.533,1093.000
705.588,1092.000
705.642,1109.000
705.697,1089.000
705.751,1094.000
705.806,1096.000
705.860,1093.000
705.915,1079.000
705.969,1090.000
706.024,1094.000
706.078,1098.000
706.133,1111.000
706.187,1092.000
706.241,1101.000
706.296,1096.000
706.350,1096.000
706.405,1198.000
706.458,4188.000
706.514,5243.000
706.568,1156.000
706.623,1101.000
706.677,1091.000
706.731,1102.000
706.785,1101.000
706.840,1088.000
706.895,1093.000
706.948,1089.000
707.004,1086.000
707.058,1095.000
707.112,1105.000
707.167,1092.000
707.221,1205.000
707.275,1764.000
707.330,1123.000
707.384,1094.000
707.439,1095.000
707.493,1099.000
707.547,1089.000
707.602,1093.000
707.655,1135.000
707.711,4409.000
707.765,3951.000
707.819,1862.000
707.874,1212.000
707.928,1105.000
707.982,1096.000
708.037,1096.000
708.091,1091.000
708.145,1090.000
708.200,1091.000
708.254,1089.000
708.308,1090.000
708.363,1091.000
708.417,1097.000
708.471,1105.000
708.525,1099.000
708.580,1094.000
708.634,1096.000
708.688,1093.000
708.743,1092.000
708.797,1095.000
708.851,1095.000
708.905,1085.000
708.960,1090.000
709.014,1085.000
709.068,1086.000
709.121,1091.000
709.177,1089.000
709.231,1094.000
709.285,1107.000
709.339,1092.000
709.394,1087.000
709.448,1081.000
709.501,1139.000
709.556,1129.000
709.610,1086.000
709.665,1102.000
709.719,1094.000
709.773,1096.000
709.827,1091.000
709.881,1089.000
709.936,1079.000
709.990,1089.000
710.044,1108.000
710.097,1093.000
710.152,1095.000
710.206,1087.000
710.261,1079.000
710.315,1099.000
710.369,1089.000
710.423,1090.000
710.477,1087.000
710.530,1097.000
710.585,1087.000
710.640,1083.000
710.694,1091.000
710.748,1100.000
710.802,1100.000
710.856,1088.000
710.910,1088.000
710.964,1089.000
711.018,1092.000
711.073,1091.000
711.126,1094.000
711.181,1090.000
711.235,1088.000
711.289,1080.000
711.343,1083.000
711.397,1129.000
711.451,1561.000
711.505,1099.000
711.559,1090.000
711.613,1094.000
711.667,1192.000
711.721,2494.000
711.775,1693.000
711.828,1225.000
711.883,1095.000
711.937,1090.000
711.992,1077.000
712.046,1112.000
712.100,1840.000
712.154,1487.000
712.208,1130.000
712.261,1099.000
712.316,1091.000
712.370,1079.000
712.424,1088.000
712.477,1081.000
712.532,1087.000
712.586,1088.000
712.639,1077.000
712.693,1090.000
712.746,1091.000
712.801,1259.000
712.855,1611.000
712.909,1109.000
712.963,1090.000
713.017,1088.000
713.071,1085.000
713.125,1085.000
713.179,1096.000
713.232,1094.000
713.287,1078.000
713.341,1090.000
713.395,4583.000
713.448,1092.000
713.503,1127.000
713.556,1286.000
713.610,2292.000
713.664,3666.000
713.718,1932.000
713.772,1090.000
713.826,1090.000
713.880,1088.000
713.934,1084.000
713.987,1089.000
714.041,1079.000
714.095,1080.000
714.149,1081.000
714.203,1082.000
714.256,1091.000
714.311,1078.000
714.364,1077.000
714.418,1080.000
714.472,1091.000
714.525,1078.000
714.580,1081.000
714.634,1091.000
714.687,1081.000
714.741,1080.000
714.795,1097.000
714.849,1085.000
714.903,1078.000
714.956,1084.000
715.010,1084.000
715.064,1083.000
715.118,1084.000
715.171,1087.000
715.225,1091.000
715.279,1094.000
715.333,1232.000
715.386,1728.000
715.440,1101.000
715.494,1074.000
715.548,1087.000
715.602,1080.000
715.655,1095.000
715.708,1092.000
715.763,1096.000
715.816,1084.000
715.870,1269.000
715.924,1564.000
715.977,1214.000
716.030,4373.000
716.085,11165.000
716.139,1891.000
716.192,1116.000
716.246,1094.000
716.299,1092.000
716.352,1093.000
716.407,1071.000
716.461,1093.000
716.514,1076.000
716.568,1086.000
716.621,1084.000
716.674,1085.000
716.729,1085.000
716.783,1074.000
716.836,1086.000
716.890,1085.000
716.944,1078.000
716.996,1080.000
717.051,1074.000
717.104,1082.000
717.158,1077.000
717.212,1099.000
717.265,1080.000
717.319,1097.000
717.373,1084.000
717.426,1085.000
717.480,1089.000
717.533,1074.000
717.587,1080.000
717.640,1112.000
717.694,1486.000
717.748,1342.000
717.801,1094.000
717.855,1072.000
717.908,1084.000
717.962,1080.000
718.015,1080.000
718.069,1082.000
718.121,1083.000
718.176,1076.000
718.229,1083.000
718.283,1084.000
718.337,1064.000
718.390,1087.000
718.444,1081.000
718.496,1074.000
718.551,1076.000
718.604,1088.000
718.658,1084.000
718.711,1076.000
718.765,1084.000
718.818,1078.000
718.871,1086.000
718.924,1082.000
718.977,1087.000
719.032,1079.000
719.085,1096.000
719.139,1226.000
719.192,1284.000
719.246,1544.000
719.299,1944.000
719.352,5494.000
719.405,5044.000
719.458,1980.000
719.513,1099.000
719.566,1078.000
719.620,1069.000
719.673,1079.000
719.727,1085.000
719.780,1080.000
719.833,1081.000
719.886,1074.000
719.940,1078.000
719.993,1077.000
720.047,1076.000
720.100,1078.000
720.154,1087.000
720.207,1082.000
720.260,1068.000
720.314,1086.000
720.367,1086.000
720.420,1072.000
720.474,1074.000
720.527,1069.000
720.580,1072.000
720.634,1084.000
720.687,1073.000
720.740,1077.000
720.794,1074.000
720.847,1068.000
720.900,1075.000
720.953,1072.000
721.006,1072.000
721.059,1077.000
721.114,1077.000
721.167,1070.000
721.220,1072.000
721.273,1074.000
721.327,1090.000
721.380,1177.000
721.433,3012.000
721.486,1565.000
721.540,1106.000
721.593,1086.000
721.645,1085.000
721.698,1073.000
721.753,1080.000
721.806,1076.000
721.859,1073.000
721.912,1076.000
721.966,1075.000
722.019,1215.000
722.072,1593.000
722.125,1660.000
722.178,1700.000
722.232,1555.000
722.285,1972.000
722.338,1624.000
722.391,1283.000
722.444,1129.000
722.498,1066.000
722.551,1085.000
722.604,1322.000
722.657,1979.000
722.710,2403.000
722.763,1090.000
722.817,1080.000
722.870,1070.000
722.923,1080.000
722.976,1085.000
723.029,1077.000
723.082,1079.000
723.135,1073.000
723.189,1077.000
723.242,1074.000
723.295,1070.000
723.347,1067.000
723.400,1075.000
723.453,1079.000
723.506,1077.000
723.559,1079.000
723.613,1058.000
723.666,1078.000
723.720,1068.000
723.773,1069.000
723.826,1076.000
723.879,1075.000
723.932,1072.000
723.985,1088.000
724.038,1724.000
724.091,1380.000
724.144,1099.000
724.197,1077.000
724.250,1076.000
724.303,1068.000
724.356,1074.000
724.409,1083.000
724.462,1071.000
724.515,1085.000
724.568,1078.000
724.621,1066.000
724.674,1075.000
724.727,1071.000
724.780,1068.000
724.833,1091.000
724.886,1948.000
724.939,1224.000
724.992,1088.000
725.045,1077.000
725.097,1082.000
725.150,1454.000
725.203,1901.000
725.256,1091.000
725.309,1068.000
725.363,1071.000
725.416,1071.000
725.469,1080.000
725.522,1075.000
725.573,1075.000
725.626,1069.000
725.679,1073.000
725.732,1079.000
725.785,1071.000
725.839,1084.000
725.892,1072.000
725.945,1071.000
725.998,1066.000
726.051,1080.000
726.102,1076.000
726.155,1866.000
726.208,2928.000
726.261,1991.000
726.315,1766.000
726.368,2500.000
726.421,3023.000
726.472,1852.000
726.525,1141.000
726.578,1444.000
726.631,1712.000
726.684,1184.000
726.738,1080.000
726.790,1058.000
726.843,1069.000
726.895,1067.000
726.948,1072.000
727.001,1071.000
727.054,1075.000
727.107,1072.000
727.160,1079.000
727.213,1073.000
727.266,1078.000
727.318,1081.000
727.371,1067.000
727.424,1076.000
727.477,1073.000
727.529,1066.000
727.582,1068.000
727.635,1071.000
727.688,1073.000
727.740,1072.000
727.793,1086.000
727.846,1340.000
727.899,2410.000
727.951,1141.000
728.004,1077.000
728.057,1063.000
728.109,1067.000
728.162,1064.000
728.215,1078.000
728.268,1062.000
728.320,1069.000
728.373,1068.000
728.426,1073.000
728.477,1066.000
728.530,1072.000
728.583,1061.000
728.636,1065.000
728.689,1074.000
728.742,1061.000
728.794,1070.000
728.847,1068.000
728.900,1074.000
728.952,1072.000
729.005,1062.000
729.057,1065.000
729.110,1073.000
729.163,1059.000
729.215,1073.000
729.268,1065.000
729.321,1067.000
729.373,1060.000
729.426,1074.000
729.477,1065.000
729.530,1069.000
729.583,1136.000
729.636,1584.000
729.689,1383.000
729.741,1125.000
729.794,1083.000
729.846,1076.000
729.899,1071.000
729.951,1073.000
730.004,1068.000
730.057,1066.000
730.109,1069.000
730.102,2088.000
730.159,3296.000
730.214,1479.000
730.269,1124.000
730.323,6212.000
730.379,1609.000
730.434,1087.000
730.490,1152.000
730.545,1606.000
730.600,1096.000
730.655,1067.000
730.711,1059.000
730.766,1068.000
730.821,1069.000
730.876,1066.000
730.931,1073.000
730.986,1073.000
731.042,1072.000
731.097,1060.000
731.152,1070.000
731.207,1069.000
731.261,1074.000
731.317,1121.000
731.371,1844.000
731.428,1196.000
731.482,1081.000
731.538,1069.000
731.593,1076.000
731.648,1078.000
731.703,1079.000
731.758,1081.000
731.813,1151.000
731.869,3018.000
731.924,1575.000
731.979,1092.000
732.034,1071.000
732.089,1081.000
732.144,1073.000
732.198,1069.000
732.254,1076.000
732.309,1074.000
732.364,1068.000
732.419,1066.000
732.474,1084.000
732.529,1076.000
732.583,1072.000
732.639,1072.000
732.695,1073.000
732.750,1066.000
732.804,1074.000
732.860,1059.000
732.915,1081.000
732.970,1069.000
733.025,1079.000
733.080,1076.000
733.135,1066.000
733.190,1070.000
733.245,1068.000
733.299,1080.000
733.355,1073.000
733.410,1076.000
733.465,1076.000
733.520,1075.000
733.575,1076.000
733.630,1062.000
733.684,1075.000
733.740,1073.000
733.795,1072.000
733.850,1073.000
733.905,1083.000
733.958,1074.000
734.014,1069.000
734.069,1065.000
734.124,1070.000
734.179,1078.000
734.234,1080.000
734.289,1072.000
734.344,1113.000
734.399,1624.000
734.453,1759.000
734.509,1134.000
734.564,1723.000
734.619,1431.000
734.674,1091.000
734.727,1069.000
734.783,1077.000
734.838,1071.000
734.893,1073.000
734.948,1070.000
735.003,1080.000
735.058,1074.000
735.113,1079.000
735.168,1068.000
735.222,1062.000
735.277,1069.000
735.332,1072.000
735.386,1077.000
735.442,1081.000
735.496,1072.000
735.552,1063.000
735.606,1082.000
735.660,1063.000
735.716,1077.000
735.770,1068.000
735.826,1367.000
735.880,1911.000
735.934,1365.000
735.990,1081.000
736.045,1066.000
736.100,1070.000
736.155,1066.000
736.208,1073.000
736.264,1080.000
736.319,1076.000
736.374,1072.000
736.428,1071.000
736.482,1066.000
736.538,1066.000
736.593,1079.000
736.648,1071.000
736.702,1080.000
736.756,1075.000
736.812,1075.000
736.867,1076.000
736.921,1069.000
736.976,1077.000
737.030,1074.000
737.086,1077.000
737.140,1076.000
737.195,1074.000
737.250,1062.000
737.304,1068.000
737.359,1077.000
737.414,1073.000
737.469,1075.000
737.523,1074.000
737.578,1073.000
737.633,1076.000
737.687,1076.000
737.742,1070.000
737.797,1059.000
737.851,1076.000
737.906,1072.000
737.961,1072.000
738.015,1070.000
738.070,1076.000
738.125,1073.000
738.179,1068.000
738.234,1066.000
738.289,1075.000
738.343,1065.000
738.398,1070.000
738.453,1068.000
738.507,1059.000
738.562,1098.000
738.617,2224.000
738.671,1237.000
738.726,1071.000
738.780,1076.000
738.835,1068.000
738.890,1074.000
738.944,1068.000
738.999,1084.000
739.053,1073.000
739.108,1065.000
739.163,1071.000
739.217,1064.000
739.272,1075.000
739.326,1135.000
739.381,1832.000
739.436,1137.000
739.490,1072.000
739.545,1074.000
739.599,1065.000
739.654,1071.000
739.708,1064.000
739.763,1074.000
739.817,1068.000
739.872,1170.000
739.926,2070.000
739.981,1169.000
740.036,1129.000
740.090,1403.000
740.145,1684.000
740.199,1300.000
740.254,1080.000
740.308,1065.000
740.363,1073.000
740.417,1143.000
740.472,1602.000
740.526,1850.000
740.581,1169.000
740.635,1091.000
740.690,1073.000
740.744,1068.000
740.798,1059.000
740.853,1069.000
740.907,1065.000
740.962,1072.000
741.016,1074.000
741.071,1065.000
741.125,1059.000
741.180,1110.000
741.234,1837.000
741.289,1700.000
741.343,1534.000
741.397,1155.000
741.452,1086.000
741.506,1508.000
741.561,2652.000
741.615,1166.000
741.669,1072.000
741.724,1076.000
741.778,1070.000
741.833,1067.000
741.887,1063.000
741.941,1104.000
741.996,1453.000
742.050,1754.000
742.105,1078.000
742.159,1069.000
742.213,1075.000
742.268,1070.000
742.322,1069.000
742.376,1065.000
742.431,1077.000
742.485,1095.000
742.539,1857.000
742.594,4660.000
742.648,1304.000
742.702,1074.000
742.757,1075.000
742.811,1078.000
742.865,1097.000
742.920,1601.000
742.974,5374.000
743.028,4519.000
743.083,1250.000
743.137,1081.000
743.191,1056.000
743.246,1075.000
743.300,1070.000
743.354,1077.000
743.408,1072.000
743.463,1066.000
743.517,1072.000
743.571,1069.000
743.625,1073.000
743.680,1064.000
743.734,1094.000
743.788,1482.000
743.842,1208.000
743.897,1081.000
743.951,1074.000
744.005,1077.000
744.059,1070.000
744.114,1068.000
744.168,1074.000
744.222,1064.000
744.276,1066.000
744.331,1105.000
744.385,1543.000
744.439,1119.000
744.493,1083.000
744.547,1064.000
744.602,1069.000
744.656,1064.000
744.710,1080.000
744.764,1073.000
744.818,1070.000
744.872,1068.000
744.927,1113.000
744.981,1557.000
745.035,1760.000
745.089,1092.000
745.143,1067.000
745.197,1072.000
745.252,1067.000
745.306,1065.000
745.360,1074.000
745.414,1081.000
745.468,1077.000
745.522,1070.000
745.576,1059.000
745.630,1075.000
745.685,1069.000
745.739,1073.000
745.793,1077.000
745.847,1071.000
745.901,1082.000
745.955,1074.000
746.009,1069.000
746.063,1072.000
746.117,1070.000
746.171,1068.000
746.225,1070.000
746.279,1118.000
746.334,1433.000
746.388,1790.000
746.442,1457.000
746.496,2415.000
746.550,1142.000
746.604,1088.000
746.658,1838.000
746.712,1819.000
746.766,1252.000
746.820,1079.000
746.874,1078.000
746.928,1064.000
746.982,1062.000
747.036,1069.000
747.090,1056.000
747.144,1075.000
747.198,1089.000
747.252,1666.000
747.306,1472.000
747.360,1094.000
747.414,1069.000
747.468,1062.000
747.522,1074.000
747.576,1065.000
747.630,1064.000
747.684,1077.000
747.738,1068.000
747.792,1063.000
747.846,1071.000
747.900,1065.000
747.954,1072.000
748.007,1069.000
748.061,1074.000
748.115,1069.000
748.169,1071.000
748.223,1072.000
748.277,1066.000
748.331,1071.000
748.385,1064.000
748.439,1061.000
748.493,1060.000
748.547,1074.000
748.601,1075.000
748.654,1075.000
748.708,1066.000
748.762,1070.000
748.816,1068.000
748.870,1081.000
748.924,1075.000
748.978,1080.000
749.032,1086.000
749.085,1168.000
749.139,1634.000
749.193,1674.000
749.247,1770.000
749.301,1085.000
749.355,1070.000
749.408,1064.000
749.462,1067.000
749.516,1056.000
749.570,1059.000
749.624,1074.000
749.678,1058.000
749.731,1069.000
749.785,1063.000
749.839,1071.000
749.893,1060.000
749.947,1064.000
750.000,1083.000
750.054,1065.000
750.108,1067.000
750.162,1068.000
750.215,1069.000
750.269,1060.000
750.323,1070.000
750.377,1063.000
750.430,1065.000
750.484,1128.000
750.538,4879.000
750.592,1522.000
750.645,1093.000
750.699,1076.000
750.753,1069.000
750.807,1066.000
750.860,1060.000
750.914,1069.000
750.968,1067.000
751.021,1181.000
751.075,2898.000
751.129,1533.000
751.183,1250.000
751.236,1829.000
751.290,2123.000
751.344,1479.000
751.397,1969.000
751.451,1105.000
751.505,1068.000
751.558,1074.000
751.612,1081.000
751.666,1089.000
751.719,1069.000
751.773,1076.000
751.827,1066.000
751.880,1080.000
751.934,1069.000
751.988,1066.000
752.041,1071.000
752.095,1068.000
752.148,1071.000
752.202,1073.000
752.256,1081.000
752.309,1731.000
752.363,1307.000
752.416,1077.000
752.470,1063.000
752.524,1070.000
752.577,1074.000
752.631,1072.000
752.684,1069.000
752.738,1065.000
752.792,1072.000
752.845,1072.000
752.899,1079.000
752.952,1069.000
753.006,1067.000
753.059,1084.000
753.113,1067.000
753.166,1069.000
753.220,1062.000
753.273,1072.000
753.327,1067.000
753.381,1070.000
753.434,1071.000
753.488,1061.000
753.541,1062.000
753.595,1066.000
753.648,1067.000
753.702,1067.000
753.755,1066.000
753.809,1060.000
753.862,1083.000
753.916,1066.000
753.969,1068.000
754.023,1064.000
754.076,1068.000
754.129,1067.000
754.183,1067.000
754.236,1073.000
754.290,1062.000
754.343,1068.000
754.397,1062.000
754.450,1062.000
754.504,1066.000
754.557,1058.000
754.610,1071.000
754.664,1065.000
754.717,1068.000
754.771,1066.000
754.824,1066.000
754.878,1066.000
754.931,1065.000
754.984,1414.000
755.038,2052.000
755.091,1141.000
755.145,1065.000
755.198,1067.000
755.251,1061.000
755.305,1073.000
755.358,1072.000
755.411,1060.000
755.465,1065.000
755.518,1073.000
755.572,1069.000
755.625,1071.000
755.678,1083.000
755.732,1458.000
755.785,1148.000
755.838,1071.000
755.892,1070.000
755.945,1071.000
755.998,1076.000
756.052,2357.000
756.105,1064.000
756.158,1070.000
756.211,1062.000
756.265,1075.000
756.318,1075.000
756.371,1071.000
756.425,1067.000
756.478,1067.000
756.531,1068.000
756.584,1072.000
756.638,1081.000
756.691,1087.000
756.744,1569.000
756.798,1527.000
756.851,1097.000
756.904,1063.000
756.957,1064.000
757.011,1074.000
757.064,1066.000
757.117,1064.000
757.170,1069.000
757.223,1067.000
757.277,1068.000
757.330,1059.000
757.383,1062.000
757.436,1068.000
757.490,1066.000
757.543,1072.000
757.596,1072.000
757.649,1061.000
757.702,1150.000
757.755,1957.000
757.809,2258.000
757.862,1722.000
757.915,1079.000
757.968,1062.000
758.021,1214.000
758.074,1906.000
758.128,1102.000
758.181,1886.000
758.234,1608.000
758.287,1109.000
758.340,1059.000
758.393,1083.000
758.446,1697.000
758.500,1191.000
758.553,1061.000
758.606,1057.000
758.659,1075.000
758.712,1320.000
758.765,9883.000
758.818,1285.000
758.871,1063.000
758.924,1068.000
758.977,1066.000
759.031,1062.000
759.084,1095.000
759.137,1527.000
759.190,2505.000
759.243,1080.000
759.296,1064.000
759.349,1072.000
759.402,1062.000
759.455,1065.000
759.508,1060.000
759.561,1068.000
759.614,1069.000
759.667,1063.000
759.720,1071.000
759.773,1061.000
759.826,1072.000
759.879,1074.000
759.932,1206.000
759.985,1462.000
760.038,1099.000
760.091,1643.000
760.144,1438.000
760.197,1134.000
760.250,1139.000
760.303,1853.000
760.356,1947.000
760.409,1748.000
760.462,1279.000
760.515,1088.000
760.568,1072.000
760.621,1069.000
760.674,1074.000
760.727,1063.000
760.780,1069.000
760.833,1066.000
760.886,1065.000
760.939,1066.000
760.992,1069.000
761.044,1063.000
761.097,1066.000
761.150,1065.000
761.203,1071.000
761.256,1460.000
761.309,1589.000
761.362,1110.000
761.415,1063.000
761.468,1058.000
761.521,1071.000
761.573,1057.000
761.626,1062.000
761.679,1064.000
761.732,1068.000
761.785,1063.000
761.838,1069.000
761.891,1070.000
761.943,1070.000
761.996,1073.000
762.049,1066.000
762.102,1059.000
762.155,1069.000
762.208,1069.000
762.260,1064.000
762.313,1063.000
762.366,1068.000
762.419,1063.000
762.472,1066.000
762.524,1068.000
762.577,1067.000
762.630,1062.000
762.683,1062.000
762.736,1068.000
762.788,1060.000
762.841,1060.000
762.894,1065.000
762.947,1065.000
762.999,1074.000
763.052,1063.000
763.105,1067.000
763.158,1070.000
763.210,1052.000
763.263,1066.000
763.316,1068.000
763.369,1069.000
763.421,1064.000
763.474,1060.000
763.527,1059.000
763.579,1068.000
763.632,1094.000
763.685,1934.000
763.738,1411.000
763.790,1075.000
763.843,1058.000
763.896,1065.000
763.948,1058.000
764.001,1061.000
764.054,1062.000
764.106,1059.000
764.159,1070.000
764.212,1067.000
764.264,1064.000
764.317,1060.000
764.370,1063.000
764.422,1070.000
764.475,1081.000
764.528,1065.000
764.580,1066.000
764.633,1071.000
764.685,1064.000
764.738,1059.000
764.791,1062.000
764.843,1068.000
764.896,1061.000
764.948,1075.000
765.001,1430.000
765.054,1451.000
765.106,1065.000
765.159,1063.000
765.211,1051.000
765.264,1061.000
765.317,1106.000
765.369,1984.000
765.422,1245.000
765.474,1070.000
765.527,1061.000
765.579,1051.000
765.632,1066.000
765.684,1063.000
765.737,1065.000
765.789,1058.000
765.842,1069.000
765.895,1068.000
765.947,1078.000
766.000,1062.000
766.052,1060.000
766.105,1066.000
766.157,1082.000
766.210,1064.000
766.262,1065.000
766.315,1071.000
766.367,1057.000
766.419,1060.000
766.472,1065.000
766.524,1065.000
766.577,1055.000
766.629,1063.000
766.682,1065.000
766.734,1050.000
766.787,1064.000
766.839,1063.000
766.892,1067.000
766.944,1064.000
766.996,1063.000
767.049,1064.000
767.101,1059.000
767.154,1071.000
767.206,1063.000
767.259,1064.000
767.311,1058.000
767.363,1064.000
767.416,1059.000
767.468,1065.000
767.520,1069.000
767.573,1250.000
767.625,1475.000
767.678,1077.000
767.730,1123.000
767.782,2200.000
767.835,1221.000
767.887,1068.000
767.939,1063.000
767.992,1066.000
768.044,1063.000
768.096,1057.000
768.149,1071.000
768.201,1065.000
768.253,1286.000
768.306,1376.000
768.358,1086.000
768.410,1063.000
768.463,1059.000
768.515,1057.000
768.567,1061.000
768.620,1068.000
768.672,1224.000
768.724,1901.000
768.776,1103.000
768.829,1063.000
768.881,1056.000
768.933,1069.000
768.985,1053.000
769.038,1062.000
769.090,1052.000
769.142,1055.000
769.194,1068.000
769.247,1063.000
769.299,1060.000
769.351,1063.000
769.403,1055.000
769.456,1066.000
769.508,1053.000
769.560,1062.000
769.612,1067.000
769.664,1064.000
769.717,1064.000
769.769,1057.000
769.821,1056.000
769.873,1057.000
769.925,1057.000
769.978,1056.000
770.030,1057.000
770.082,1053.000
770.134,1065.000
770.186,1058.000
770.238,1063.000
770.291,1060.000
770.343,1075.000
770.395,1531.000
770.447,1337.000
770.499,1081.000
770.551,1076.000
770.603,1051.000
770.656,1062.000
770.708,1065.000
770.760,1061.000
770.812,1063.000
770.864,1062.000
770.916,1062.000
770.968,1065.000
771.020,1061.000
771.072,1064.000
771.124,1439.000
771.176,1781.000
771.229,2111.000
771.281,1760.000
771.333,1218.000
771.385,1088.000
771.437,1057.000
771.489,1052.000
771.541,1064.000
771.593,1054.000
771.645,1073.000
771.697,1061.000
771.749,1066.000
771.801,1069.000
771.853,1059.000
771.905,1072.000
771.957,1074.000
772.009,1120.000
772.061,2373.000
772.113,1336.000
772.165,1077.000
772.217,1065.000
772.269,1057.000
772.321,1057.000
772.373,1068.000
772.425,1062.000
772.477,1059.000
772.529,1089.000
772.581,1089.000
772.633,1066.000
772.685,1056.000
772.737,1066.000
772.789,1056.000
772.841,1059.000
772.893,1064.000
772.944,1060.000
772.996,1060.000
773.048,1062.000
773.100,1048.000
773.152,1064.000
773.204,1059.000
773.256,1052.000
773.308,1056.000
773.360,1056.000
773.412,1063.000
773.463,1059.000
773.515,1067.000
773.567,1064.000
773.619,1061.000
773.671,1053.000
773.723,1059.000
773.775,1059.000
773.826,1056.000
773.878,1045.000
773.930,1067.000
773.982,1056.000
774.034,1052.000
774.086,1050.000
774.137,1057.000
774.189,1062.000
774.241,1062.000
774.293,1067.000
774.345,1060.000
774.397,1056.000
774.448,1058.000
774.500,1056.000
774.552,1053.000
774.604,1063.000
774.655,1054.000
774.707,1059.000
774.759,1095.000
774.811,2012.000
774.862,1320.000
774.914,1080.000
774.966,1065.000
775.018,1056.000
775.069,1065.000
775.121,1058.000
775.173,1061.000
775.225,1056.000
775.276,1057.000
775.328,1069.000
775.380,1059.000
775.432,1061.000
775.483,1059.000
775.535,1056.000
775.587,1049.000
775.638,1060.000
775.690,1058.000
775.742,1060.000
775.793,1058.000
775.845,1048.000
775.897,1061.000
775.948,1066.000
776.000,1054.000
776.052,1058.000
776.103,1064.000
776.155,1060.000
776.207,1061.000
776.258,1056.000
776.310,1056.000
776.362,1059.000
776.413,1060.000
776.465,1056.000
776.516,1061.000
776.568,1055.000
776.620,1064.000
776.671,1054.000
776.723,1060.000
776.774,1052.000
776.826,1054.000
776.878,1051.000
776.929,1052.000
776.981,1065.000
777.032,1054.000
777.084,1052.000
777.135,1059.000
777.187,1053.000
777.239,1060.000
777.290,1048.000
777.342,1047.000
777.393,1053.000
777.445,1056.000
777.496,1059.000
777.548,1052.000
777.599,1054.000
777.651,1052.000
777.702,1057.000
777.754,1066.000
777.805,1052.000
777.857,1058.000
777.908,1052.000
777.960,1053.000
778.011,1065.000
778.063,1050.000
778.114,1058.000
778.166,1112.000
778.217,2715.000
778.269,1795.000
778.320,1600.000
778.371,1075.000
778.423,1053.000
778.474,1058.000
778.526,1062.000
778.577,1049.000
778.629,1052.000
778.680,1053.000
778.732,1055.000
778.783,1059.000
778.834,1059.000
778.886,1056.000
778.937,1055.000
778.989,1048.000
779.040,1063.000
779.091,1062.000
779.143,1057.000
779.194,1058.000
779.245,1063.000
779.297,1057.000
779.348,1063.000
779.400,1051.000
779.451,1059.000
779.502,1051.000
779.554,1057.000
779.605,1056.000
779.656,1101.000
779.708,6822.000
779.759,2208.000
779.810,1129.000
779.862,1054.000
779.913,1059.000
779.964,1053.000
780.016,1060.000
780.067,1073.000
780.118,3072.000
780.169,2090.000
780.221,1141.000
780.272,1368.000
780.323,2526.000
780.375,2959.000
780.426,1095.000
780.477,1053.000
780.528,1053.000
780.580,1058.000
780.631,1060.000
780.682,1059.000
780.733,1050.000
780.785,1055.000
780.836,1053.000
780.887,1053.000
780.938,1045.000
780.989,1048.000
781.041,1051.000
781.092,1056.000
781.143,1233.000
781.194,2310.000
781.245,1131.000
781.297,1057.000
781.348,1062.000
781.399,1061.000
781.450,1062.000
781.501,1054.000
781.553,1052.000
781.604,1060.000
781.655,1060.000
781.706,1048.000
781.757,1060.000
781.808,1044.000
781.859,1050.000
781.911,1050.000
781.962,1050.000
782.013,1055.000
782.064,1055.000
782.115,1052.000
782.166,1054.000
782.217,1056.000
782.268,1052.000
782.319,1063.000
782.371,1060.000
782.422,1050.000
782.473,1051.000
782.524,1056.000
782.575,1062.000
782.626,1055.000
782.677,1054.000
782.728,1045.000
782.779,1065.000
782.830,1058.000
782.881,1052.000
782.932,1045.000
782.983,1052.000
783.034,1063.000
783.085,1057.000
783.136,1061.000
783.187,1358.000
783.238,1350.000
783.289,1066.000
783.340,1052.000
783.391,1050.000
783.442,1051.000
783.493,1048.000
783.544,1051.000
783.595,1056.000
783.646,1051.000
783.697,1373.000
783.748,1650.000
783.799,1071.000
783.850,1055.000
783.901,1054.000
783.952,1049.000
784.003,1051.000
784.054,1058.000
784.105,1052.000
784.156,1052.000
784.207,1053.000