294.0000 6.0000 0.0440 0.0430 6.0000E-8 -0.0008 -0.0012 8.6736E-19 -0.0001 0.0003 0.0002 NaN -0.0096 0.0156 -0.0125 0.0151 0.0117 0.0450 0.0433 0.0417 0.0417 0.0450 0.0417 0.0433 0.0417 0.0433 0.0450 0.0400 0.0400 0.0417 0.0433 0.0450 0.0433 0.0433 0.0433 0.0417 0.0433 0.0433 0.0433 0.0467 0.0467 0.0417 0.0450 0.0433 0.0450 0.0417 0.0417 0.0417 0.0417 0.0417 0.0417 0.0450 0.0417 0.0467 0.0417 0.0450 0.0467 0.0450 0.0467 0.0450 0.0467 0.0450 0.0417 0.0400 0.0450 0.0433 0.0400 0.0400 0.0433 0.0467 0.0450 0.0417 0.0433 0.0433 0.0450 0.0450 0.0417 0.0417 0.0400 0.0433 0.0417
293.0000 6.0000 0.0440 0.0440 6.0000E-8 -0.0008 0.0017 -0.0004 0.0003 -0.0004 -0.0004 NaN 0.0404 -0.0308 0.0027 -0.0064 0.0027 0.0433 0.0417 0.0467 0.0450 0.0433 0.0417 0.0450 0.0433 0.0450 0.0467 0.0417 0.0433 0.0433 0.0483 0.0433 0.0433 0.0417 0.0400 0.0433 0.0467 0.0433 0.0450 0.0433 0.0433 0.0467 0.0450 0.0417 0.0400 0.0433 0.0417 0.0433 0.0450 0.0467 0.0417 0.0400 0.0433 0.0433 0.0400 0.0417 0.0417 0.0450 0.0450 0.0450 0.0450 0.0417 0.0417 0.0450 0.0450 0.0433 0.0417 0.0417 0.0417 0.0417 0.0417 0.0433 0.0433 0.0400 0.0400 0.0417 0.0433 0.0467 0.0433 0.0450 0.0450
292.0000 4.0000 0.0430 0.0440 7.0000E-8 -0.0025 0.0012 2.6021E-18 -0.0003 0.0002 0.0004 NaN -0.0137 -0.0081 -0.0037 0.0039 0.0009 0.0450 0.0400 0.0425 0.0475 0.0425 0.0450 0.0450 0.0425 0.0425 0.0450 0.0400 0.0450 0.0450 0.0425 0.0425 0.0425 0.0450 0.0450 0.0450 0.0400 0.0475 0.0450 0.0400 0.0425 0.0425 0.0425 0.0450 0.0425 0.0475 0.0425 0.0400 0.0475 0.0425 0.0450 0.0425 0.0475 0.0425 0.0475 0.0425 0.0425 0.0425 0.0450 0.0475 0.0425 0.0450 0.0450 0.0425 0.0450 0.0425 0.0450 0.0450 0.0450 0.0450 0.0475 0.0400 0.0400 0.0425 0.0450 0.0475 0.0450 0.0450 0.0450 0.0450 0.0475
291.0000 3.0000 0.0440 0.0430 6.0000E-8 0.0017 0.0017 0.0000 0.0006 0.0002 -0.0003 NaN 0.0392 -0.0108 2.4286E-17 -0.0278 0.0011 0.0400 0.0433 0.0467 0.0433 0.0433 0.0433 0.0433 0.0433 0.0400 0.0433 0.0500 0.0433 0.0433 0.0500 0.0467 0.0400 0.0400 0.0433 0.0467 0.0433 0.0400 0.0433 0.0467 0.0400 0.0467 0.0467 0.0433 0.0433 0.0500 0.0433 0.0433 0.0500 0.0433 0.0467 0.0433 0.0433 0.0467 0.0467 0.0433 0.0433 0.0433 0.0433 0.0433 0.0433 0.0433 0.0467 0.0400 0.0433 0.0400 0.0433 0.0433 0.0433 0.0433 0.0467 0.0400 0.0433 0.0400 0.0433 0.0433 0.0433 0.0467 0.0467 0.0433 0.0433
290.0000 2.0000 0.0440 0.0440 7.0000E-8 0.0000 -0.0025 -0.0006 -0.0016 -0.0011 -0.0003 NaN 0.0600 0.0312 -0.0147 -0.0030 0.0062 0.0500 0.0500 0.0500 0.0400 0.0500 0.0450 0.0450 0.0450 0.0400 0.0450 0.0450 0.0450 0.0450 0.0400 0.0450 0.0450 0.0400 0.0500 0.0400 0.0400 0.0450 0.0500 0.0400 0.0400 0.0450 0.0450 0.0500 0.0400 0.0400 0.0400 0.0400 0.0450 0.0450 0.0450 0.0450 0.0400 0.0450 0.0450 0.0450 0.0400 0.0450 0.0400 0.0450 0.0450 0.0450 0.0450 0.0400 0.0450 0.0500 0.0450 0.0450 0.0450 0.0500 0.0400 0.0450 0.0400 0.0450 0.0400 0.0450 0.0400 0.0400 0.0400 0.0400 0.0450
289.0000 3.0000 0.0430 0.0440 7.0000E-8 -0.0033 -0.0017 0.0008 -0.0008 -0.0007 -0.0003 NaN 0.0617 0.0208 -0.0154 0.0154 -0.0009 0.0500 0.0433 0.0467 0.0400 0.0467 0.0467 0.0467 0.0467 0.0500 0.0433 0.0433 0.0400 0.0433 0.0433 0.0433 0.0467 0.0467 0.0433 0.0400 0.0433 0.0467 0.0500 0.0433 0.0433 0.0467 0.0400 0.0433 0.0433 0.0433 0.0400 0.0433 0.0400 0.0433 0.0467 0.0433 0.0467 0.0500 0.0433 0.0433 0.0467 0.0400 0.0433 0.0433 0.0433 0.0433 0.0400 0.0400 0.0400 0.0433 0.0433 0.0467 0.0467 0.0433 0.0400 0.0467 0.0400 0.0467 0.0400 0.0467 0.0467 0.0433 0.0400 0.0433 0.0433
288.0000 2.0000 0.0440 0.0440 7.0000E-8 0.0000 0.0025 -8.6736E-19 0.0003 -0.0006 0.0009 NaN 0.1200 -0.0162 -0.0525 0.0073 0.0041 0.0400 0.0400 0.0500 0.0400 0.0400 0.0450 0.0400 0.0450 0.0400 0.0400 0.0400 0.0400 0.0450 0.0450 0.0500 0.0450 0.0400 0.0450 0.0400 0.0450 0.0450 0.0400 0.0450 0.0400 0.0400 0.0400 0.0400 0.0400 0.0450 0.0400 0.0400 0.0400 0.0400 0.0450 0.0450 0.0400 0.0400 0.0450 0.0450 0.0500 0.0400 0.0400 0.0450 0.0450 0.0450 0.0400 0.0450 0.0450 0.0450 0.0500 0.0450 0.0400 0.0400 0.0450 0.0500 0.0450 0.0400 0.0450 0.0500 0.0450 0.0500 0.0450 0.0400 0.0400
287.0000 3.0000 0.0430 0.0430 6.0000E-8 0.0017 0.0017 0.0012 -0.0004 0.0001 -0.0004 NaN -0.0208 -0.0108 -0.0206 0.0077 -0.0076 0.0400 0.0433 0.0433 0.0467 0.0433 0.0467 0.0433 0.0500 0.0400 0.0433 0.0433 0.0467 0.0400 0.0433 0.0467 0.0467 0.0433 0.0467 0.0433 0.0433 0.0500 0.0433 0.0433 0.0433 0.0433 0.0400 0.0467 0.0433 0.0433 0.0400 0.0500 0.0467 0.0400 0.0433 0.0433 0.0433 0.0467 0.0433 0.0500 0.0400 0.0433 0.0433 0.0400 0.0400 0.0433 0.0433 0.0467 0.0433 0.0433 0.0433 0.0433 0.0433 0.0433 0.0400 0.0467 0.0467 0.0433 0.0433 0.0400 0.0467 0.0433 0.0433 0.0433 0.0433
286.0000 2.0000 0.0440 0.0430 6.0000E-8 0.0000 0.0012 -0.0019 -0.0003 0.0006 -0.0004 NaN 0.0600 -0.0306 0.0084 -0.0073 0.0053 0.0450 0.0450 0.0500 0.0450 0.0400 0.0450 0.0450 0.0400 0.0450 0.0450 0.0450 0.0400 0.0450 0.0500 0.0400 0.0400 0.0450 0.0450 0.0400 0.0500 0.0400 0.0500 0.0450 0.0400 0.0450 0.0450 0.0450 0.0450 0.0450 0.0500 0.0450 0.0500 0.0450 0.0400 0.0450 0.0400 0.0500 0.0450 0.0450 0.0500 0.0500 0.0450 0.0450 0.0500 0.0400 0.0400 0.0450 0.0400 0.0450 0.0500 0.0400 0.0400 0.0400 0.0450 0.0500 0.0400 0.0450 0.0450 0.0400 0.0450 0.0400 0.0400 0.0400 0.0450
285.0000 2.0000 0.0430 0.0440 6.0000E-8 -0.0025 -0.0012 -0.0025 0.0012 -0.0005 -0.0004 NaN 0.0913 0.0006 0.0538 -0.0194 0.0152 0.0500 0.0450 0.0500 0.0400 0.0450 0.0400 0.0400 0.0400 0.0450 0.0500 0.0450 0.0500 0.0450 0.0500 0.0400 0.0450 0.0450 0.0400 0.0450 0.0500 0.0450 0.0400 0.0400 0.0450 0.0450 0.0450 0.0450 0.0400 0.0500 0.0400 0.0450 0.0450 0.0400 0.0450 0.0450 0.0400 0.0450 0.0450 0.0450 0.0500 0.0400 0.0500 0.0450 0.0450 0.0450 0.0500 0.0400 0.0450 0.0450 0.0450 0.0450 0.0500 0.0400 0.0450 0.0400 0.0400 0.0450 0.0400 0.0450 0.0400 0.0400 0.0450 0.0400 0.0400
284.0000 2.0000 0.0440 0.0440 7.0000E-8 -0.0050 -0.0025 -0.0012 0.0022 0.0008 -0.0003 NaN 0.0025 0.0012 0.0231 0.0177 -0.0229 0.0500 0.0400 0.0400 0.0400 0.0400 0.0400 0.0400 0.0400 0.0500 0.0400 0.0500 0.0400 0.0450 0.0450 0.0450 0.0500 0.0500 0.0500 0.0450 0.0400 0.0500 0.0500 0.0400 0.0450 0.0450 0.0400 0.0400 0.0450 0.0450 0.0450 0.0500 0.0400 0.0450 0.0400 0.0450 0.0400 0.0400 0.0500 0.0450 0.0400 0.0400 0.0400 0.0400 0.0400 0.0450 0.0400 0.0450 0.0500 0.0450 0.0400 0.0500 0.0400 0.0450 0.0400 0.0450 0.0450 0.0400 0.0450 0.0400 0.0450 0.0500 0.0500 0.0500 0.0400
283.0000 3.0000 0.0440 0.0440 6.0000E-8 0.0017 0.0017 0.0004 -0.0002 -0.0002 -0.0003 NaN -0.0208 0.0392 -0.0202 -0.0124 0.0076 0.0400 0.0433 0.0433 0.0467 0.0467 0.0467 0.0400 0.0433 0.0400 0.0433 0.0467 0.0400 0.0433 0.0400 0.0500 0.0433 0.0400 0.0400 0.0400 0.0400 0.0467 0.0467 0.0400 0.0467 0.0433 0.0400 0.0467 0.0467 0.0400 0.0467 0.0400 0.0467 0.0433 0.0467 0.0467 0.0433 0.0467 0.0400 0.0467 0.0467 0.0467 0.0433 0.0400 0.0400 0.0433 0.0400 0.0400 0.0400 0.0433 0.0433 0.0433 0.0433 0.0400 0.0400 0.0400 0.0400 0.0433 0.0467 0.0467 0.0433 0.0400 0.0433 0.0400 0.0400
282.0000 2.0000 0.0440 0.0440 6.0000E-8 0.0025 -0.0025 -0.0019 0.0003 0.0011 -0.0009 NaN -0.0012 0.0162 0.0609 -0.0002 -0.0174 0.0450 0.0500 0.0450 0.0400 0.0450 0.0400 0.0400 0.0400 0.0450 0.0450 0.0450 0.0500 0.0450 0.0400 0.0400 0.0400 0.0400 0.0500 0.0450 0.0450 0.0400 0.0500 0.0500 0.0400 0.0450 0.0400 0.0500 0.0500 0.0450 0.0500 0.0400 0.0500 0.0400 0.0450 0.0450 0.0400 0.0400 0.0450 0.0450 0.0400 0.0400 0.0400 0.0450 0.0400 0.0450 0.0450 0.0400 0.0500 0.0400 0.0400 0.0400 0.0500 0.0450 0.0400 0.0400 0.0500 0.0450 0.0450 0.0400 0.0450 0.0400 0.0450 0.0400 0.0400
281.0000 2.0000 0.0430 0.0440 6.0000E-8 0.0000 0.0025 0.0006 0.0006 -0.0002 -0.0003 NaN 0.0300 -0.0312 -0.0078 -0.0116 0.0057 0.0400 0.0400 0.0450 0.0450 0.0400 0.0450 0.0450 0.0450 0.0400 0.0500 0.0450 0.0400 0.0450 0.0400 0.0450 0.0500 0.0450 0.0400 0.0400 0.0450 0.0400 0.0400 0.0500 0.0450 0.0450 0.0450 0.0450 0.0500 0.0400 0.0400 0.0400 0.0450 0.0400 0.0400 0.0450 0.0500 0.0400 0.0400 0.0450 0.0400 0.0450 0.0400 0.0500 0.0400 0.0450 0.0400 0.0450 0.0500 0.0450 0.0400 0.0400 0.0450 0.0450 0.0400 0.0450 0.0400 0.0400 0.0400 0.0400 0.0450 0.0450 0.0450 0.0450 0.0400
280.0000 3.0000 0.0450 0.0430 6.0000E-8 -0.0017 0.0000 0.0004 -0.0019 0.0003 -5.2083E-5 NaN -0.0792 -0.0100 -0.0252 0.0084 -0.0177 0.0467 0.0433 0.0400 0.0500 0.0433 0.0467 0.0467 0.0467 0.0467 0.0400 0.0400 0.0400 0.0433 0.0433 0.0400 0.0400 0.0433 0.0433 0.0400 0.0467 0.0467 0.0467 0.0433 0.0400 0.0433 0.0467 0.0433 0.0467 0.0433 0.0467 0.0433 0.0433 0.0467 0.0433 0.0433 0.0433 0.0467 0.0500 0.0433 0.0467 0.0400 0.0400 0.0400 0.0400 0.0400 0.0400 0.0400 0.0433 0.0400 0.0467 0.0467 0.0467 0.0433 0.0467 0.0500 0.0433 0.0467 0.0433 0.0433 0.0467 0.0433 0.0400 0.0433 0.0433
279.0000 2.0000 0.0440 0.0430 7.0000E-8 -0.0025 -0.0025 -0.0012 -0.0006 0.0009 0.0002 NaN 0.0312 0.0463 -0.0219 0.0041 -0.0155 0.0500 0.0450 0.0450 0.0400 0.0400 0.0500 0.0400 0.0400 0.0400 0.0450 0.0400 0.0400 0.0450 0.0450 0.0400 0.0450 0.0400 0.0400 0.0450 0.0450 0.0500 0.0450 0.0400 0.0500 0.0450 0.0450 0.0450 0.0500 0.0450 0.0400 0.0500 0.0450 0.0400 0.0450 0.0400 0.0450 0.0500 0.0450 0.0450 0.0450 0.0400 0.0450 0.0450 0.0450 0.0450 0.0400 0.0400 0.0450 0.0400 0.0400 0.0500 0.0450 0.0450 0.0500 0.0450 0.0500 0.0450 0.0450 0.0400 0.0450 0.0450 0.0450 0.0500 0.0400
278.0000 2.0000 0.0440 0.0430 6.0000E-8 0.0000 0.0000 0.0031 -3.4694E-18 0.0003 0.0002 NaN 1.3878E-17 0.1050 -0.0316 -0.0075 -0.0339 0.0400 0.0400 0.0400 0.0400 0.0500 0.0500 0.0450 0.0400 0.0400 0.0400 0.0450 0.0450 0.0500 0.0450 0.0400 0.0400 0.0500 0.0400 0.0400 0.0400 0.0450 0.0400 0.0450 0.0450 0.0450 0.0400 0.0400 0.0450 0.0450 0.0500 0.0450 0.0450 0.0400 0.0400 0.0400 0.0400 0.0450 0.0400 0.0450 0.0400 0.0450 0.0400 0.0400 0.0400 0.0450 0.0450 0.0400 0.0450 0.0400 0.0500 0.0500 0.0450 0.0450 0.0450 0.0450 0.0450 0.0450 0.0450 0.0450 0.0450 0.0400 0.0450 0.0500 0.0500
277.0000 3.0000 0.0440 0.0440 6.0000E-8 0.0017 0.0008 0.0000 -4.3368E-19 0.0008 0.0003 NaN -0.0608 -0.0204 0.0000 -0.0050 -0.0017 0.0400 0.0433 0.0400 0.0467 0.0400 0.0433 0.0467 0.0400 0.0433 0.0433 0.0433 0.0400 0.0433 0.0433 0.0400 0.0433 0.0433 0.0433 0.0400 0.0400 0.0467 0.0433 0.0467 0.0433 0.0433 0.0433 0.0433 0.0500 0.0467 0.0433 0.0433 0.0467 0.0433 0.0433 0.0400 0.0433 0.0500 0.0433 0.0433 0.0400 0.0467 0.0467 0.0433 0.0467 0.0400 0.0467 0.0400 0.0467 0.0433 0.0433 0.0467 0.0433 0.0433 0.0433 0.0467 0.0433 0.0433 0.0467 0.0433 0.0433 0.0467 0.0433 0.0433 0.0400
276.0000 2.0000 0.0440 0.0440 6.0000E-8 0.0025 -0.0037 0.0000 -0.0003 0.0003 -0.0002 NaN -0.0613 0.0919 -0.0150 -0.0111 -0.0095 0.0450 0.0500 0.0400 0.0400 0.0500 0.0450 0.0400 0.0400 0.0400 0.0450 0.0400 0.0450 0.0400 0.0450 0.0450 0.0450 0.0400 0.0400 0.0450 0.0500 0.0400 0.0400 0.0400 0.0500 0.0450 0.0500 0.0500 0.0400 0.0450 0.0400 0.0450 0.0450 0.0450 0.0450 0.0400 0.0400 0.0450 0.0450 0.0450 0.0400 0.0450 0.0400 0.0450 0.0450 0.0400 0.0400 0.0450 0.0450 0.0400 0.0450 0.0450 0.0500 0.0450 0.0400 0.0400 0.0450 0.0400 0.0450 0.0450 0.0400 0.0450 0.0400 0.0450 0.0500
275.0000 2.0000 0.0430 0.0440 6.0000E-8 0.0000 1.7347E-18 -0.0012 0.0006 0.0005 -7.8125E-5 NaN -0.0900 0.0300 -0.0069 0.0072 -0.0209 0.0450 0.0450 0.0400 0.0500 0.0450 0.0450 0.0400 0.0400 0.0400 0.0500 0.0400 0.0450 0.0450 0.0450 0.0500 0.0450 0.0450 0.0450 0.0450 0.0500 0.0450 0.0400 0.0500 0.0450 0.0450 0.0450 0.0450 0.0450 0.0400 0.0500 0.0400 0.0500 0.0450 0.0450 0.0400 0.0450 0.0500 0.0500 0.0400 0.0400 0.0450 0.0400 0.0400 0.0450 0.0450 0.0400 0.0500 0.0400 0.0500 0.0450 0.0500 0.0500 0.0450 0.0400 0.0400 0.0450 0.0450 0.0500 0.0450 0.0450 0.0450 0.0400 0.0500 0.0450
274.0000 3.0000 0.0430 0.0440 6.0000E-8 -0.0017 0.0008 0.0017 0.0004 -0.0004 -0.0003 NaN -0.0392 -0.0004 0.0392 -0.0152 -0.0085 0.0433 0.0400 0.0400 0.0467 0.0500 0.0400 0.0433 0.0500 0.0500 0.0467 0.0467 0.0467 0.0433 0.0433 0.0400 0.0433 0.0433 0.0433 0.0433 0.0433 0.0467 0.0400 0.0433 0.0433 0.0433 0.0467 0.0467 0.0467 0.0433 0.0433 0.0400 0.0433 0.0467 0.0467 0.0467 0.0400 0.0400 0.0467 0.0433 0.0433 0.0433 0.0433 0.0433 0.0400 0.0433 0.0400 0.0400 0.0433 0.0433 0.0500 0.0433 0.0467 0.0433 0.0467 0.0400 0.0433 0.0467 0.0400 0.0400 0.0400 0.0467 0.0433 0.0467 0.0433
273.0000 2.0000 0.0440 0.0420 6.0000E-8 -0.0025 -0.0012 0.0025 -0.0009 -0.0002 0.0002 NaN 0.0012 0.0606 0.0063 0.0155 7.8125E-5 0.0450 0.0400 0.0400 0.0400 0.0450 0.0500 0.0450 0.0450 0.0450 0.0450 0.0450 0.0400 0.0400 0.0400 0.0400 0.0400 0.0400 0.0450 0.0450 0.0500 0.0400 0.0450 0.0400 0.0400 0.0450 0.0400 0.0450 0.0400 0.0400 0.0400 0.0400 0.0450 0.0400 0.0450 0.0500 0.0400 0.0450 0.0450 0.0400 0.0450 0.0400 0.0500 0.0400 0.0400 0.0400 0.0450 0.0400 0.0400 0.0450 0.0400 0.0400 0.0450 0.0400 0.0400 0.0450 0.0400 0.0400 0.0450 0.0500 0.0400 0.0450 0.0450 0.0500 0.0400
272.0000 2.0000 0.0430 0.0430 6.0000E-8 0.0000 -0.0012 0.0006 -0.0006 -1.7347E-18 0.0002 NaN -0.0600 0.0156 -0.0453 0.0041 0.0113 0.0450 0.0450 0.0400 0.0450 0.0450 0.0450 0.0450 0.0450 0.0450 0.0400 0.0400 0.0400 0.0500 0.0450 0.0400 0.0450 0.0450 0.0450 0.0450 0.0400 0.0450 0.0450 0.0450 0.0400 0.0450 0.0400 0.0450 0.0450 0.0500 0.0450 0.0400 0.0400 0.0400 0.0500 0.0400 0.0450 0.0450 0.0500 0.0400 0.0500 0.0450 0.0450 0.0500 0.0450 0.0400 0.0400 0.0500 0.0400 0.0450 0.0450 0.0400 0.0500 0.0450 0.0450 0.0400 0.0450 0.0400 0.0400 0.0400 0.0450 0.0500 0.0450 0.0400 0.0450
271.0000 3.0000 0.0430 0.0440 6.0000E-8 0.0000 0.0000 -8.6736E-19 0.0002 0.0004 -0.0002 NaN 0.0000 0.0300 -0.0050 -0.0076 0.0023 0.0433 0.0433 0.0433 0.0433 0.0433 0.0467 0.0433 0.0400 0.0400 0.0433 0.0500 0.0400 0.0467 0.0433 0.0433 0.0433 0.0467 0.0433 0.0433 0.0400 0.0400 0.0467 0.0500 0.0400 0.0467 0.0467 0.0433 0.0500 0.0467 0.0400 0.0433 0.0433 0.0433 0.0400 0.0433 0.0500 0.0467 0.0433 0.0500 0.0400 0.0433 0.0433 0.0400 0.0500 0.0400 0.0467 0.0400 0.0433 0.0400 0.0467 0.0467 0.0400 0.0467 0.0433 0.0467 0.0433 0.0433 0.0433 0.0400 0.0433 0.0433 0.0433 0.0400 0.0400
270.0000 3.0000 0.0430 0.0440 7.0000E-8 -0.0017 0.0017 -0.0008 1.7347E-18 0.0004 0.0003 NaN 0.0608 -0.0208 0.0054 0.0200 0.0023 0.0433 0.0400 0.0467 0.0433 0.0433 0.0400 0.0433 0.0400 0.0400 0.0433 0.0433 0.0433 0.0400 0.0433 0.0433 0.0433 0.0467 0.0467 0.0433 0.0400 0.0433 0.0467 0.0433 0.0433 0.0400 0.0433 0.0400 0.0433 0.0433 0.0433 0.0467 0.0400 0.0433 0.0467 0.0433 0.0400 0.0433 0.0400 0.0467 0.0467 0.0467 0.0400 0.0467 0.0433 0.0400 0.0433 0.0433 0.0433 0.0433 0.0500 0.0433 0.0433 0.0400 0.0433 0.0400 0.0400 0.0433 0.0433 0.0400 0.0433 0.0467 0.0467 0.0433 0.0433
269.0000 2.0000 0.0440 0.0440 6.0000E-8 -0.0025 -0.0025 0.0006 -0.0019 0.0003 0.0004 NaN 0.0312 0.0463 -0.0153 -0.0066 -0.0002 0.0500 0.0450 0.0450 0.0400 0.0450 0.0500 0.0450 0.0450 0.0450 0.0400 0.0400 0.0450 0.0450 0.0400 0.0400 0.0400 0.0400 0.0400 0.0500 0.0450 0.0450 0.0450 0.0400 0.0400 0.0450 0.0450 0.0450 0.0450 0.0400 0.0500 0.0500 0.0450 0.0500 0.0400 0.0450 0.0450 0.0450 0.0450 0.0450 0.0450 0.0500 0.0450 0.0450 0.0400 0.0400 0.0450 0.0450 0.0450 0.0450 0.0400 0.0450 0.0500 0.0400 0.0400 0.0500 0.0450 0.0450 0.0400 0.0500 0.0500 0.0500 0.0400 0.0400 0.0500
268.0000 3.0000 0.0440 0.0430 6.0000E-8 0.0000 0.0000 -0.0008 0.0006 0.0001 0.0001 NaN -0.0600 -0.0100 0.0054 -0.0178 -0.0013 0.0433 0.0433 0.0400 0.0467 0.0433 0.0400 0.0400 0.0433 0.0433 0.0467 0.0400 0.0433 0.0400 0.0467 0.0467 0.0433 0.0400 0.0433 0.0433 0.0433 0.0400 0.0400 0.0433 0.0467 0.0433 0.0400 0.0433 0.0433 0.0500 0.0467 0.0433 0.0433 0.0400 0.0433 0.0467 0.0400 0.0433 0.0433 0.0433 0.0467 0.0433 0.0400 0.0433 0.0433 0.0433 0.0433 0.0467 0.0433 0.0433 0.0400 0.0467 0.0433 0.0433 0.0433 0.0467 0.0433 0.0433 0.0400 0.0433 0.0433 0.0433 0.0433 0.0467 0.0433
267.0000 3.0000 0.0430 0.0430 7.0000E-8 -0.0033 -0.0017 -0.0012 -0.0002 -0.0004 0.0003 NaN 0.0617 0.0108 0.0056 0.0001 -0.0035 0.0500 0.0433 0.0467 0.0400 0.0433 0.0433 0.0433 0.0400 0.0433 0.0433 0.0433 0.0433 0.0433 0.0433 0.0467 0.0400 0.0433 0.0433 0.0433 0.0400 0.0467 0.0400 0.0433 0.0433 0.0467 0.0433 0.0400 0.0433 0.0400 0.0433 0.0433 0.0400 0.0433 0.0433 0.0433 0.0400 0.0467 0.0433 0.0400 0.0467 0.0500 0.0433 0.0400 0.0433 0.0433 0.0433 0.0400 0.0400 0.0467 0.0433 0.0400 0.0433 0.0500 0.0467 0.0467 0.0433 0.0433 0.0400 0.0433 0.0433 0.0467 0.0433 0.0433 0.0433
266.0000 3.0000 0.0430 0.0440 6.0000E-8 0.0033 3.4694E-18 -0.0021 -0.0012 -0.0002 0.0004 NaN -0.0217 -0.0400 -0.0090 -0.0169 0.0001 0.0433 0.0500 0.0467 0.0467 0.0400 0.0433 0.0433 0.0433 0.0433 0.0400 0.0433 0.0400 0.0433 0.0433 0.0433 0.0400 0.0400 0.0400 0.0433 0.0400 0.0433 0.0433 0.0400 0.0433 0.0433 0.0467 0.0467 0.0400 0.0467 0.0400 0.0400 0.0500 0.0433 0.0500 0.0400 0.0433 0.0433 0.0400 0.0433 0.0433 0.0433 0.0467 0.0400 0.0433 0.0467 0.0433 0.0467 0.0400 0.0433 0.0400 0.0433 0.0467 0.0467 0.0433 0.0467 0.0433 0.0400 0.0433 0.0400 0.0467 0.0433 0.0467 0.0467 0.0467
265.0000 2.0000 0.0440 0.0430 6.0000E-8 -0.0025 -0.0012 0.0006 -0.0003 0.0011 0.0002 NaN 0.0012 0.0156 -0.0078 -0.0073 -0.0137 0.0450 0.0400 0.0400 0.0400 0.0400 0.0450 0.0450 0.0400 0.0400 0.0400 0.0450 0.0400 0.0450 0.0400 0.0400 0.0400 0.0400 0.0450 0.0450 0.0450 0.0400 0.0400 0.0450 0.0400 0.0450 0.0400 0.0450 0.0450 0.0500 0.0450 0.0450 0.0450 0.0450 0.0400 0.0450 0.0450 0.0450 0.0450 0.0400 0.0400 0.0400 0.0450 0.0400 0.0400 0.0400 0.0450 0.0450 0.0400 0.0450 0.0400 0.0400 0.0450 0.0400 0.0450 0.0400 0.0400 0.0450 0.0500 0.0450 0.0400 0.0450 0.0500 0.0450 0.0400
264.0000 3.0000 0.0440 0.0430 6.0000E-8 0.0000 -0.0008 -0.0004 -0.0010 -0.0005 -0.0002 NaN -0.0400 0.0004 -0.0098 0.0005 0.0128 0.0467 0.0467 0.0433 0.0467 0.0467 0.0433 0.0467 0.0433 0.0400 0.0467 0.0433 0.0433 0.0433 0.0433 0.0433 0.0433 0.0433 0.0433 0.0433 0.0400 0.0400 0.0433 0.0467 0.0467 0.0433 0.0467 0.0400 0.0433 0.0433 0.0433 0.0400 0.0467 0.0400 0.0400 0.0467 0.0433 0.0400 0.0500 0.0467 0.0467 0.0500 0.0433 0.0433 0.0400 0.0433 0.0433 0.0433 0.0467 0.0500 0.0433 0.0400 0.0400 0.0433 0.0433 0.0400 0.0467 0.0433 0.0433 0.0400 0.0433 0.0433 0.0433 0.0400 0.0433
263.0000 3.0000 0.0440 0.0440 6.0000E-8 0.0017 0.0008 0.0004 -0.0004 0.0005 0.0007 NaN -0.0008 -0.0304 0.0148 0.0052 0.0035 0.0400 0.0433 0.0433 0.0433 0.0400 0.0433 0.0467 0.0433 0.0400 0.0433 0.0433 0.0467 0.0400 0.0400 0.0400 0.0433 0.0433 0.0467 0.0433 0.0433 0.0400 0.0467 0.0433 0.0400 0.0400 0.0433 0.0433 0.0467 0.0433 0.0433 0.0467 0.0433 0.0467 0.0433 0.0400 0.0433 0.0400 0.0467 0.0433 0.0433 0.0433 0.0433 0.0433 0.0467 0.0433 0.0500 0.0433 0.0500 0.0467 0.0433 0.0467 0.0467 0.0433 0.0433 0.0433 0.0500 0.0400 0.0467 0.0467 0.0433 0.0400 0.0433 0.0433 0.0467
262.0000 3.0000 0.0420 0.0440 7.0000E-8 0.0017 -1.7347E-18 0.0012 -0.0002 0.0005 0.0003 NaN 0.0192 0.0300 -0.0106 -0.0074 0.0097 0.0400 0.0433 0.0433 0.0400 0.0467 0.0433 0.0400 0.0467 0.0433 0.0400 0.0400 0.0467 0.0400 0.0400 0.0467 0.0433 0.0433 0.0467 0.0400 0.0433 0.0467 0.0433 0.0400 0.0400 0.0400 0.0467 0.0400 0.0433 0.0467 0.0500 0.0433 0.0467 0.0467 0.0467 0.0433 0.0400 0.0467 0.0467 0.0400 0.0433 0.0400 0.0400 0.0433 0.0500 0.0400 0.0500 0.0500 0.0433 0.0433 0.0433 0.0467 0.0500 0.0467 0.0400 0.0400 0.0400 0.0433 0.0400 0.0433 0.0400 0.0400 0.0433 0.0500 0.0433
261.0000 3.0000 0.0440 0.0440 6.0000E-8 0.0000 0.0025 0.0004 0.0006 0.0003 -0.0001 NaN 0.1200 0.0188 -0.0102 -0.0003 0.0098 0.0400 0.0400 0.0500 0.0400 0.0467 0.0433 0.0400 0.0433 0.0467 0.0433 0.0400 0.0433 0.0500 0.0467 0.0400 0.0433 0.0433 0.0467 0.0433 0.0467 0.0400 0.0433 0.0433 0.0467 0.0400 0.0433 0.0433 0.0433 0.0433 0.0467 0.0467 0.0467 0.0400 0.0500 0.0433 0.0467 0.0500 0.0433 0.0467 0.0500 0.0400 0.0467 0.0433 0.0433 0.0467 0.0400 0.0400 0.0400 0.0400 0.0467 0.0400 0.0433 0.0433 0.0433 0.0433 0.0433 0.0433 0.0400 0.0433 0.0433 0.0433 0.0467 0.0400 0.0433
260.0000 3.0000 0.0430 0.0430 6.0000E-8 0.0033 0.0000 0.0004 -0.0002 0.0002 -0.0004 NaN 0.0383 -0.0100 -0.0052 0.0076 0.0036 0.0400 0.0467 0.0467 0.0400 0.0467 0.0400 0.0467 0.0433 0.0400 0.0467 0.0433 0.0433 0.0400 0.0500 0.0433 0.0400 0.0467 0.0467 0.0467 0.0400 0.0400 0.0467 0.0400 0.0467 0.0500 0.0433 0.0433 0.0433 0.0433 0.0400 0.0467 0.0400 0.0433 0.0433 0.0433 0.0433 0.0433 0.0467 0.0433 0.0433 0.0433 0.0433 0.0433 0.0400 0.0467 0.0433 0.0433 0.0433 0.0433 0.0400 0.0433 0.0433 0.0467 0.0433 0.0400 0.0400 0.0433 0.0433 0.0400 0.0433 0.0467 0.0400 0.0400 0.0433
259.0000 3.0000 0.0440 0.0430 7.0000E-8 0.0017 0.0017 0.0000 -0.0004 -0.0005 0.0002 NaN 0.0992 -0.0108 -0.0350 -0.0148 0.0040 0.0400 0.0433 0.0500 0.0400 0.0433 0.0433 0.0433 0.0433 0.0400 0.0400 0.0400 0.0433 0.0433 0.0400 0.0467 0.0467 0.0400 0.0400 0.0433 0.0400 0.0400 0.0433 0.0433 0.0400 0.0433 0.0400 0.0467 0.0400 0.0400 0.0433 0.0433 0.0433 0.0400 0.0467 0.0433 0.0433 0.0433 0.0433 0.0400 0.0433 0.0433 0.0467 0.0400 0.0467 0.0400 0.0433 0.0400 0.0400 0.0467 0.0433 0.0500 0.0400 0.0433 0.0433 0.0400 0.0400 0.0433 0.0433 0.0400 0.0433 0.0433 0.0433 0.0433 0.0400
258.0000 3.0000 0.0440 0.0440 6.0000E-8 -0.0017 -1.7347E-18 -0.0008 0.0012 0.0002 0.0006 NaN 0.0408 -0.0100 0.0354 -0.0056 0.0074 0.0433 0.0400 0.0433 0.0400 0.0400 0.0400 0.0400 0.0400 0.0467 0.0400 0.0467 0.0433 0.0467 0.0400 0.0433 0.0400 0.0400 0.0500 0.0400 0.0400 0.0433 0.0433 0.0400 0.0433 0.0400 0.0400 0.0433 0.0400 0.0433 0.0433 0.0433 0.0467 0.0500 0.0433 0.0400 0.0400 0.0433 0.0500 0.0400 0.0433 0.0433 0.0400 0.0500 0.0433 0.0400 0.0433 0.0433 0.0433 0.0433 0.0433 0.0467 0.0400 0.0500 0.0400 0.0400 0.0467 0.0433 0.0433 0.0433 0.0433 0.0433 0.0400 0.0433 0.0433
257.0000 4.0000 0.0430 0.0440 6.0000E-8 0.0012 0.0006 -0.0009 0.0009 -0.0009 0.0002 NaN -0.0006 0.0072 0.0455 -0.0023 0.0042 0.0425 0.0450 0.0450 0.0450 0.0450 0.0425 0.0400 0.0425 0.0500 0.0500 0.0425 0.0450 0.0400 0.0475 0.0425 0.0450 0.0475 0.0400 0.0400 0.0425 0.0450 0.0425 0.0450 0.0450 0.0400 0.0425 0.0400 0.0425 0.0400 0.0450 0.0425 0.0425 0.0450 0.0425 0.0400 0.0475 0.0500 0.0400 0.0425 0.0450 0.0450 0.0425 0.0450 0.0425 0.0450 0.0425 0.0450 0.0400 0.0450 0.0475 0.0450 0.0450 0.0450 0.0425 0.0450 0.0425 0.0425 0.0450 0.0425 0.0425 0.0425 0.0450 0.0450 0.0450
256.0000 3.0000 0.0440 0.0440 6.0000E-8 0.0017 1.7347E-18 -0.0021 -0.0002 0.0003 0.0004 NaN 0.0192 -0.0100 0.0260 0.0051 -0.0014 0.0433 0.0467 0.0467 0.0433 0.0433 0.0400 0.0400 0.0400 0.0433 0.0433 0.0433 0.0433 0.0400 0.0400 0.0400 0.0467 0.0467 0.0433 0.0433 0.0433 0.0400 0.0400 0.0433 0.0467 0.0433 0.0400 0.0467 0.0433 0.0400 0.0467 0.0400 0.0467 0.0433 0.0467 0.0467 0.0467 0.0400 0.0400 0.0400 0.0433 0.0433 0.0433 0.0433 0.0467 0.0433 0.0400 0.0433 0.0467 0.0433 0.0400 0.0433 0.0400 0.0433 0.0433 0.0467 0.0400 0.0467 0.0500 0.0433 0.0467 0.0467 0.0433 0.0400 0.0467
255.0000 3.0000 0.0440 0.0440 6.0000E-8 0.0017 -0.0008 -0.0008 3.4694E-18 0.0007 5.2083E-5 NaN -0.0208 0.0104 0.0204 0.0050 -0.0191 0.0433 0.0467 0.0433 0.0433 0.0433 0.0433 0.0400 0.0433 0.0433 0.0433 0.0467 0.0433 0.0400 0.0433 0.0433 0.0433 0.0433 0.0433 0.0433 0.0433 0.0467 0.0433 0.0433 0.0500 0.0433 0.0500 0.0467 0.0400 0.0400 0.0467 0.0433 0.0500 0.0467 0.0400 0.0467 0.0400 0.0433 0.0400 0.0433 0.0467 0.0467 0.0400 0.0400 0.0467 0.0433 0.0400 0.0467 0.0433 0.0433 0.0400 0.0400 0.0467 0.0400 0.0467 0.0500 0.0467 0.0500 0.0467 0.0433 0.0467 0.0400 0.0500 0.0433 0.0467
254.0000 3.0000 0.0430 0.0430 6.0000E-8 0.0000 -0.0008 -0.0008 -0.0012 0.0006 -0.0007 NaN -0.0400 -0.0196 -0.0096 0.0156 -0.0166 0.0467 0.0467 0.0433 0.0467 0.0467 0.0400 0.0433 0.0467 0.0400 0.0400 0.0467 0.0433 0.0433 0.0400 0.0433 0.0433 0.0400 0.0467 0.0467 0.0500 0.0400 0.0467 0.0467 0.0433 0.0467 0.0433 0.0433 0.0433 0.0467 0.0433 0.0467 0.0467 0.0433 0.0467 0.0433 0.0433 0.0433 0.0433 0.0433 0.0400 0.0433 0.0400 0.0433 0.0433 0.0400 0.0433 0.0433 0.0400 0.0433 0.0433 0.0433 0.0433 0.0433 0.0433 0.0400 0.0433 0.0433 0.0400 0.0433 0.0433 0.0400 0.0467 0.0467 0.0433
253.0000 3.0000 0.0430 0.0440 6.0000E-8 0.0017 0.0017 0.0017 -0.0008 -0.0006 6.0715E-18 NaN -0.0808 0.0092 -0.0358 -0.0021 0.0153 0.0400 0.0433 0.0400 0.0500 0.0467 0.0467 0.0467 0.0467 0.0433 0.0400 0.0433 0.0433 0.0467 0.0400 0.0467 0.0433 0.0500 0.0433 0.0467 0.0400 0.0400 0.0433 0.0400 0.0400 0.0433 0.0433 0.0433 0.0433 0.0467 0.0400 0.0433 0.0400 0.0400 0.0433 0.0433 0.0433 0.0433 0.0433 0.0500 0.0467 0.0500 0.0467 0.0433 0.0467 0.0400 0.0400 0.0400 0.0467 0.0467 0.0467 0.0433 0.0433 0.0433 0.0400 0.0467 0.0400 0.0400 0.0433 0.0400 0.0400 0.0400 0.0467 0.0433 0.0433
252.0000 3.0000 0.0430 0.0430 6.0000E-8 0.0017 0.0008 0.0012 0.0004 -0.0004 0.0003 NaN 0.0592 0.0696 0.0044 -0.0152 0.0065 0.0400 0.0433 0.0467 0.0400 0.0467 0.0500 0.0400 0.0433 0.0433 0.0433 0.0467 0.0467 0.0433 0.0467 0.0433 0.0433 0.0433 0.0400 0.0433 0.0467 0.0433 0.0467 0.0400 0.0400 0.0433 0.0400 0.0433 0.0467 0.0433 0.0433 0.0467 0.0433 0.0467 0.0467 0.0433 0.0433 0.0467 0.0433 0.0433 0.0433 0.0400 0.0433 0.0500 0.0433 0.0433 0.0467 0.0433 0.0433 0.0400 0.0433 0.0500 0.0400 0.0433 0.0400 0.0433 0.0467 0.0467 0.0433 0.0467 0.0433 0.0500 0.0467 0.0467 0.0400
251.0000 3.0000 0.0430 0.0430 6.0000E-8 -0.0017 -1.7347E-18 0.0017 0.0002 -0.0001 0.0002 NaN -0.0192 0.0200 -0.0308 -0.0101 0.0063 0.0433 0.0400 0.0400 0.0433 0.0433 0.0467 0.0433 0.0467 0.0400 0.0433 0.0433 0.0433 0.0433 0.0433 0.0467 0.0467 0.0433 0.0433 0.0400 0.0433 0.0433 0.0400 0.0433 0.0467 0.0433 0.0467 0.0500 0.0433 0.0400 0.0433 0.0400 0.0433 0.0433 0.0433 0.0467 0.0467 0.0400 0.0433 0.0400 0.0400 0.0467 0.0500 0.0433 0.0467 0.0433 0.0433 0.0400 0.0467 0.0433 0.0500 0.0433 0.0433 0.0433 0.0433 0.0467 0.0400 0.0433 0.0400 0.0400 0.0433 0.0467 0.0467 0.0400 0.0433
250.0000 3.0000 0.0430 0.0440 6.0000E-8 0.0000 -0.0008 -0.0021 -0.0002 -0.0002 -0.0002 NaN 0.0200 -0.0196 0.0110 -0.0049 -0.0099 0.0467 0.0467 0.0467 0.0433 0.0400 0.0433 0.0400 0.0433 0.0467 0.0433 0.0400 0.0433 0.0467 0.0433 0.0400 0.0433 0.0433 0.0433 0.0433 0.0433 0.0433 0.0467 0.0400 0.0400 0.0467 0.0433 0.0433 0.0467 0.0433 0.0433 0.0400 0.0400 0.0400 0.0433 0.0400 0.0467 0.0400 0.0433 0.0400 0.0433 0.0467 0.0400 0.0400 0.0400 0.0467 0.0467 0.0433 0.0400 0.0400 0.0467 0.0467 0.0433 0.0400 0.0433 0.0467 0.0433 0.0400 0.0433 0.0433 0.0433 0.0500 0.0433 0.0433 0.0400
249.0000 3.0000 0.0440 0.0420 7.0000E-8 0.0000 0.0008 0.0017 -0.0004 0.0011 0.0004 NaN 0.0400 -0.0004 -0.0158 0.0127 -0.0181 0.0400 0.0400 0.0433 0.0400 0.0433 0.0433 0.0467 0.0433 0.0433 0.0433 0.0400 0.0400 0.0400 0.0433 0.0400 0.0433 0.0467 0.0467 0.0467 0.0433 0.0400 0.0467 0.0433 0.0400 0.0433 0.0433 0.0400 0.0467 0.0467 0.0500 0.0400 0.0467 0.0400 0.0400 0.0433 0.0467 0.0433 0.0400 0.0433 0.0433 0.0433 0.0467 0.0433 0.0467 0.0433 0.0400 0.0400 0.0467 0.0433 0.0500 0.0433 0.0467 0.0467 0.0400 0.0400 0.0433 0.0500 0.0433 0.0433 0.0500 0.0433 0.0433 0.0433 0.0467
248.0000 3.0000 0.0430 0.0430 7.0000E-8 -0.0017 -1.7347E-18 0.0008 -2.1684E-18 0.0002 0.0001 NaN -0.0192 -0.0200 0.0096 -0.0050 -0.0114 0.0433 0.0400 0.0400 0.0433 0.0400 0.0433 0.0433 0.0467 0.0400 0.0433 0.0467 0.0433 0.0433 0.0400 0.0433 0.0400 0.0433 0.0400 0.0467 0.0400 0.0433 0.0400 0.0433 0.0433 0.0400 0.0400 0.0433 0.0467 0.0400 0.0433 0.0500 0.0433 0.0400 0.0400 0.0400 0.0433 0.0433 0.0400 0.0400 0.0467 0.0467 0.0400 0.0433 0.0400 0.0467 0.0433 0.0400 0.0433 0.0400 0.0467 0.0433 0.0400 0.0400 0.0433 0.0400 0.0433 0.0433 0.0467 0.0433 0.0467 0.0467 0.0433 0.0467 0.0433
247.0000 4.0000 0.0440 0.0430 6.0000E-8 0.0012 0.0012 0.0003 0.0008 0.0003 -0.0001 NaN -0.0156 0.0294 -0.0039 -0.0041 -0.0077 0.0400 0.0425 0.0425 0.0450 0.0475 0.0425 0.0400 0.0425 0.0425 0.0475 0.0425 0.0425 0.0450 0.0450 0.0450 0.0450 0.0475 0.0425 0.0425 0.0425 0.0475 0.0400 0.0450 0.0450 0.0450 0.0450 0.0450 0.0425 0.0475 0.0425 0.0425 0.0450 0.0425 0.0450 0.0425 0.0450 0.0425 0.0425 0.0425 0.0400 0.0475 0.0425 0.0425 0.0450 0.0450 0.0425 0.0450 0.0425 0.0450 0.0425 0.0450 0.0475 0.0400 0.0400 0.0475 0.0450 0.0425 0.0450 0.0425 0.0400 0.0450 0.0450 0.0450 0.0450
246.0000 3.0000 0.0430 0.0430 7.0000E-8 -0.0017 -0.0008 0.0012 0.0004 0.0004 0.0003 NaN 0.0008 -0.0096 -0.0106 0.0098 -0.0027 0.0433 0.0400 0.0400 0.0400 0.0433 0.0400 0.0433 0.0467 0.0433 0.0400 0.0433 0.0433 0.0433 0.0433 0.0433 0.0433 0.0467 0.0433 0.0467 0.0467 0.0433 0.0400 0.0367 0.0467 0.0400 0.0467 0.0433 0.0433 0.0433 0.0400 0.0400 0.0467 0.0400 0.0467 0.0400 0.0400 0.0467 0.0467 0.0400 0.0433 0.0433 0.0500 0.0400 0.0433 0.0400 0.0467 0.0433 0.0433 0.0400 0.0400 0.0467 0.0500 0.0400 0.0467 0.0433 0.0500 0.0400 0.0400 0.0433 0.0467 0.0400 0.0467 0.0467 0.0400
245.0000 3.0000 0.0440 0.0430 7.0000E-8 -0.0033 0.0000 8.6736E-19 -0.0004 0.0003 -0.0001 NaN 0.0217 -0.0300 -0.0200 -0.0123 -0.0014 0.0467 0.0400 0.0433 0.0433 0.0433 0.0400 0.0433 0.0467 0.0433 0.0400 0.0433 0.0400 0.0433 0.0433 0.0433 0.0433 0.0400 0.0433 0.0467 0.0433 0.0400 0.0433 0.0433 0.0400 0.0433 0.0433 0.0433 0.0433 0.0467 0.0433 0.0500 0.0433 0.0433 0.0467 0.0400 0.0433 0.0400 0.0400 0.0433 0.0467 0.0467 0.0400 0.0400 0.0433 0.0467 0.0433 0.0433 0.0433 0.0467 0.0467 0.0400 0.0467 0.0433 0.0400 0.0433 0.0433 0.0433 0.0400 0.0433 0.0433 0.0400 0.0400 0.0433 0.0433
244.0000 3.0000 0.0430 0.0430 7.0000E-8 0.0000 0.0008 8.6736E-19 -0.0004 -0.0005 8.6736E-19 NaN -0.0200 -0.0204 0.0100 -0.0073 0.0053 0.0433 0.0433 0.0433 0.0467 0.0467 0.0400 0.0433 0.0467 0.0467 0.0400 0.0500 0.0400 0.0400 0.0467 0.0433 0.0400 0.0467 0.0400 0.0467 0.0400 0.0433 0.0433 0.0400 0.0400 0.0433 0.0400 0.0467 0.0433 0.0433 0.0400 0.0467 0.0400 0.0433 0.0433 0.0433 0.0433 0.0467 0.0433 0.0433 0.0467 0.0467 0.0433 0.0400 0.0400 0.0433 0.0400 0.0400 0.0467 0.0400 0.0467 0.0467 0.0433 0.0400 0.0400 0.0400 0.0467 0.0467 0.0467 0.0400 0.0400 0.0433 0.0433 0.0433 0.0433
243.0000 3.0000 0.0430 0.0430 6.0000E-8 -0.0017 0.0008 0.0017 -0.0006 -0.0001 -0.0002 NaN 0.0208 0.0296 -0.0258 0.0103 0.0026 0.0433 0.0400 0.0433 0.0433 0.0467 0.0467 0.0467 0.0433 0.0433 0.0433 0.0433 0.0400 0.0400 0.0433 0.0500 0.0400 0.0433 0.0400 0.0467 0.0433 0.0467 0.0433 0.0433 0.0433 0.0433 0.0400 0.0400 0.0467 0.0467 0.0433 0.0400 0.0433 0.0433 0.0467 0.0433 0.0433 0.0400 0.0400 0.0500 0.0467 0.0433 0.0433 0.0400 0.0400 0.0433 0.0433 0.0433 0.0433 0.0400 0.0433 0.0433 0.0433 0.0400 0.0467 0.0433 0.0433 0.0400 0.0500 0.0400 0.0400 0.0400 0.0467 0.0433 0.0433
242.0000 3.0000 0.0430 0.0430 6.0000E-8 -0.0017 -0.0008 -0.0012 8.6736E-19 0.0001 5.2083E-5 NaN 0.0008 -0.0096 0.0156 -0.0100 -0.0038 0.0467 0.0433 0.0433 0.0433 0.0433 0.0400 0.0400 0.0433 0.0467 0.0400 0.0433 0.0433 0.0500 0.0400 0.0400 0.0400 0.0433 0.0433 0.0433 0.0433 0.0433 0.0433 0.0400 0.0400 0.0433 0.0433 0.0467 0.0400 0.0400 0.0467 0.0433 0.0467 0.0467 0.0433 0.0467 0.0433 0.0400 0.0400 0.0433 0.0400 0.0433 0.0433 0.0400 0.0433 0.0467 0.0433 0.0400 0.0433 0.0433 0.0433 0.0433 0.0400 0.0467 0.0433 0.0433 0.0467 0.0433 0.0433 0.0467 0.0400 0.0400 0.0467 0.0400 0.0433
241.0000 3.0000 0.0430 0.0430 6.0000E-8 0.0000 0.0000 -0.0008 0.0008 -0.0002 -0.0004 NaN 0.0000 0.0200 0.0304 -0.0004 -0.0086 0.0433 0.0433 0.0433 0.0433 0.0433 0.0433 0.0400 0.0400 0.0433 0.0467 0.0467 0.0433 0.0467 0.0433 0.0433 0.0400 0.0400 0.0400 0.0467 0.0433 0.0500 0.0400 0.0433 0.0433 0.0400 0.0400 0.0433 0.0467 0.0433 0.0433 0.0400 0.0433 0.0400 0.0400 0.0433 0.0500 0.0400 0.0467 0.0400 0.0400 0.0400 0.0400 0.0433 0.0400 0.0400 0.0500 0.0400 0.0400 0.0400 0.0433 0.0400 0.0433 0.0400 0.0467 0.0400 0.0433 0.0433 0.0400 0.0400 0.0467 0.0400 0.0433 0.0467 0.0467
240.0000 3.0000 0.0430 0.0430 5.0000E-8 -0.0033 -0.0008 -0.0004 0.0004 0.0006 0.0002 NaN 0.0417 0.0004 0.0002 -0.0252 0.0072 0.0467 0.0400 0.0433 0.0400 0.0433 0.0400 0.0400 0.0433 0.0433 0.0433 0.0433 0.0400 0.0433 0.0400 0.0433 0.0467 0.0400 0.0400 0.0433 0.0400 0.0433 0.0400 0.0433 0.0467 0.0433 0.0467 0.0500 0.0467 0.0467 0.0400 0.0433 0.0467 0.0433 0.0433 0.0467 0.0500 0.0500 0.0400 0.0400 0.0433 0.0467 0.0433 0.0433 0.0400 0.0467 0.0433 0.0433 0.0400 0.0400 0.0433 0.0433 0.0400 0.0433 0.0467 0.0433 0.0433 0.0433 0.0433 0.0433 0.0400 0.0433 0.0467 0.0433 0.0400
239.0000 4.0000 0.0430 0.0430 7.0000E-8 -0.0012 0.0025 3.4694E-18 -0.0002 -0.0002 -0.0002 NaN 0.0606 -0.0388 -0.0188 -0.0037 0.0029 0.0425 0.0400 0.0475 0.0450 0.0425 0.0425 0.0450 0.0450 0.0425 0.0400 0.0450 0.0425 0.0450 0.0400 0.0475 0.0450 0.0450 0.0425 0.0400 0.0425 0.0425 0.0450 0.0425 0.0450 0.0450 0.0425 0.0425 0.0425 0.0425 0.0425 0.0425 0.0475 0.0400 0.0425 0.0425 0.0450 0.0450 0.0475 0.0450 0.0450 0.0425 0.0425 0.0400 0.0425 0.0425 0.0450 0.0425 0.0425 0.0400 0.0450 0.0450 0.0425 0.0425 0.0425 0.0450 0.0425 0.0425 0.0425 0.0425 0.0425 0.0400 0.0450 0.0400 0.0450
238.0000 3.0000 0.0420 0.0430 6.0000E-8 0.0000 0.0008 -0.0012 -0.0004 0.0005 0.0004 NaN -0.0200 0.0096 0.0106 0.0052 0.0110 0.0433 0.0433 0.0433 0.0467 0.0433 0.0433 0.0400 0.0400 0.0433 0.0400 0.0400 0.0467 0.0400 0.0433 0.0400 0.0433 0.0467 0.0400 0.0433 0.0400 0.0400 0.0467 0.0433 0.0467 0.0433 0.0433 0.0400 0.0433 0.0467 0.0433 0.0433 0.0467 0.0467 0.0433 0.0400 0.0400 0.0400 0.0467 0.0400 0.0500 0.0433 0.0433 0.0467 0.0433 0.0467 0.0467 0.0467 0.0467 0.0400 0.0400 0.0433 0.0400 0.0433 0.0467 0.0400 0.0433 0.0433 0.0500 0.0467 0.0400 0.0467 0.0433 0.0433 0.0433
237.0000 3.0000 0.0440 0.0430 6.0000E-8 0.0017 -0.0008 0.0000 -0.0004 -0.0003 -0.0002 NaN 0.0392 0.0204 -0.0350 -0.0198 -0.0098 0.0433 0.0467 0.0467 0.0400 0.0467 0.0433 0.0433 0.0433 0.0433 0.0400 0.0400 0.0433 0.0433 0.0433 0.0467 0.0467 0.0433 0.0433 0.0433 0.0433 0.0400 0.0400 0.0433 0.0400 0.0433 0.0433 0.0433 0.0467 0.0467 0.0433 0.0467 0.0400 0.0433 0.0433 0.0433 0.0400 0.0400 0.0433 0.0400 0.0433 0.0400 0.0433 0.0433 0.0433 0.0400 0.0433 0.0467 0.0433 0.0433 0.0400 0.0400 0.0433 0.0433 0.0500 0.0433 0.0400 0.0433 0.0467 0.0433 0.0433 0.0433 0.0433 0.0467 0.0433
236.0000 3.0000 0.0440 0.0430 6.0000E-8 0.0017 0.0017 -0.0004 0.0006 -0.0005 -0.0003 NaN -0.0208 -0.0308 -0.0348 -0.0028 0.0115 0.0400 0.0433 0.0433 0.0467 0.0433 0.0400 0.0433 0.0433 0.0433 0.0400 0.0400 0.0433 0.0467 0.0500 0.0500 0.0400 0.0433 0.0400 0.0433 0.0467 0.0433 0.0433 0.0400 0.0433 0.0433 0.0433 0.0400 0.0400 0.0433 0.0400 0.0467 0.0400 0.0433 0.0467 0.0433 0.0433 0.0433 0.0433 0.0400 0.0400 0.0433 0.0433 0.0400 0.0467 0.0467 0.0433 0.0400 0.0433 0.0400 0.0400 0.0400 0.0400 0.0400 0.0433 0.0433 0.0467 0.0400 0.0467 0.0433 0.0400 0.0433 0.0400 0.0433 0.0400
235.0000 3.0000 0.0430 0.0430 6.0000E-8 0.0000 0.0000 0.0012 0.0012 0.0005 5.2083E-5 NaN 1.3878E-17 0.0300 0.0294 0.0094 -0.0178 0.0400 0.0400 0.0400 0.0400 0.0433 0.0433 0.0400 0.0433 0.0467 0.0433 0.0467 0.0433 0.0433 0.0400 0.0433 0.0433 0.0433 0.0467 0.0467 0.0433 0.0467 0.0400 0.0400 0.0467 0.0433 0.0400 0.0400 0.0467 0.0400 0.0433 0.0433 0.0467 0.0400 0.0433 0.0400 0.0400 0.0433 0.0433 0.0433 0.0433 0.0400 0.0467 0.0400 0.0433 0.0400 0.0433 0.0433 0.0433 0.0467 0.0400 0.0433 0.0467 0.0433 0.0433 0.0467 0.0500 0.0433 0.0433 0.0433 0.0433 0.0433 0.0400 0.0467 0.0400
234.0000 4.0000 0.0430 0.0430 6.0000E-8 0.0050 0.0000 -0.0022 -0.0002 0.0002 0.0004 NaN -0.0325 -0.0150 0.0461 0.0170 0.0009 0.0400 0.0500 0.0450 0.0450 0.0425 0.0400 0.0400 0.0400 0.0425 0.0450 0.0425 0.0475 0.0400 0.0400 0.0400 0.0425 0.0450 0.0425 0.0450 0.0425 0.0450 0.0425 0.0450 0.0425 0.0425 0.0450 0.0400 0.0425 0.0425 0.0400 0.0400 0.0450 0.0425 0.0400 0.0450 0.0500 0.0450 0.0475 0.0450 0.0400 0.0425 0.0400 0.0425 0.0450 0.0450 0.0400 0.0425 0.0425 0.0400 0.0450 0.0425 0.0475 0.0425 0.0425 0.0450 0.0425 0.0450 0.0425 0.0475 0.0425 0.0475 0.0425 0.0425 0.0425
233.0000 3.0000 0.0430 0.0430 6.0000E-8 0.0017 -1.7347E-18 0.0012 -0.0004 0.0003 -0.0002 NaN 0.0192 0.0600 -0.0056 -0.0123 -0.0039 0.0400 0.0433 0.0433 0.0400 0.0467 0.0467 0.0433 0.0400 0.0433 0.0433 0.0433 0.0400 0.0433 0.0433 0.0400 0.0400 0.0400 0.0433 0.0433 0.0467 0.0400 0.0400 0.0400 0.0433 0.0400 0.0433 0.0433 0.0433 0.0467 0.0433 0.0467 0.0467 0.0400 0.0433 0.0467 0.0433 0.0400 0.0433 0.0467 0.0400 0.0433 0.0433 0.0433 0.0400 0.0400 0.0433 0.0433 0.0400 0.0433 0.0400 0.0433 0.0467 0.0400 0.0367 0.0400 0.0433 0.0467 0.0433 0.0400 0.0467 0.0433 0.0400 0.0433 0.0433
232.0000 3.0000 0.0430 0.0430 7.0000E-8 0.0000 -0.0017 -0.0012 -0.0008 -0.0002 -0.0002 NaN -0.0200 -0.0192 0.0056 0.0029 0.0051 0.0467 0.0467 0.0433 0.0433 0.0433 0.0400 0.0467 0.0400 0.0433 0.0433 0.0400 0.0433 0.0433 0.0400 0.0400 0.0433 0.0433 0.0400 0.0400 0.0467 0.0433 0.0433 0.0433 0.0400 0.0400 0.0433 0.0400 0.0400 0.0400 0.0433 0.0433 0.0500 0.0433 0.0400 0.0400 0.0433 0.0467 0.0433 0.0467 0.0433 0.0400 0.0433 0.0400 0.0400 0.0433 0.0433 0.0400 0.0467 0.0400 0.0400 0.0467 0.0467 0.0467 0.0433 0.0400 0.0400 0.0400 0.0400 0.0433 0.0400 0.0400 0.0400 0.0433 0.0433
231.0000 3.0000 0.0430 0.0430 6.0000E-8 -0.0017 -0.0017 -0.0004 -0.0004 -1.7347E-18 0.0002 NaN -0.0392 -0.0092 0.0202 -0.0123 0.0063 0.0467 0.0433 0.0400 0.0433 0.0400 0.0433 0.0433 0.0433 0.0433 0.0433 0.0433 0.0433 0.0433 0.0400 0.0400 0.0400 0.0400 0.0400 0.0400 0.0433 0.0400 0.0433 0.0433 0.0433 0.0467 0.0400 0.0433 0.0467 0.0400 0.0433 0.0433 0.0433 0.0467 0.0433 0.0400 0.0433 0.0400 0.0433 0.0433 0.0467 0.0433 0.0400 0.0433 0.0467 0.0433 0.0400 0.0433 0.0433 0.0433 0.0400 0.0400 0.0433 0.0433 0.0400 0.0433 0.0433 0.0433 0.0433 0.0467 0.0400 0.0433 0.0400 0.0433 0.0467
230.0000 3.0000 0.0430 0.0440 6.0000E-8 -0.0017 0.0008 0.0000 -2.1684E-18 -0.0001 0.0002 NaN 0.0208 -0.0204 0.0150 -0.0125 -0.0137 0.0433 0.0400 0.0433 0.0433 0.0400 0.0433 0.0433 0.0433 0.0400 0.0433 0.0467 0.0433 0.0433 0.0400 0.0400 0.0433 0.0400 0.0400 0.0400 0.0433 0.0400 0.0467 0.0400 0.0433 0.0433 0.0400 0.0400 0.0500 0.0400 0.0467 0.0400 0.0433 0.0400 0.0400 0.0433 0.0433 0.0400 0.0400 0.0433 0.0400 0.0400 0.0433 0.0433 0.0433 0.0467 0.0433 0.0400 0.0400 0.0433 0.0400 0.0400 0.0433 0.0400 0.0433 0.0467 0.0433 0.0467 0.0467 0.0433 0.0433 0.0433 0.0467 0.0467 0.0433
229.0000 3.0000 0.0430 0.0430 7.0000E-8 0.0017 0.0008 -0.0008 0.0010 -0.0002 -0.0001 NaN -0.0008 -0.0004 0.0254 -0.0055 0.0001 0.0400 0.0433 0.0433 0.0433 0.0433 0.0400 0.0400 0.0400 0.0467 0.0433 0.0467 0.0400 0.0433 0.0467 0.0400 0.0433 0.0467 0.0433 0.0433 0.0400 0.0433 0.0400 0.0433 0.0400 0.0400 0.0433 0.0400 0.0433 0.0400 0.0400 0.0433 0.0467 0.0467 0.0433 0.0433 0.0400 0.0400 0.0433 0.0400 0.0400 0.0400 0.0433 0.0433 0.0400 0.0400 0.0467 0.0433 0.0433 0.0400 0.0433 0.0400 0.0433 0.0433 0.0467 0.0433 0.0400 0.0400 0.0433 0.0433 0.0433 0.0433 0.0400 0.0433 0.0400
228.0000 4.0000 0.0420 0.0430 6.0000E-8 -0.0025 -0.0006 0.0003 0.0006 0.0003 0.0002 NaN -0.0137 -0.0147 -0.0114 -0.0003 0.0045 0.0450 0.0400 0.0400 0.0425 0.0425 0.0400 0.0425 0.0450 0.0425 0.0400 0.0475 0.0400 0.0450 0.0425 0.0450 0.0450 0.0425 0.0450 0.0450 0.0450 0.0450 0.0425 0.0425 0.0400 0.0450 0.0425 0.0400 0.0400 0.0400 0.0450 0.0500 0.0450 0.0450 0.0450 0.0425 0.0425 0.0500 0.0425 0.0400 0.0425 0.0425 0.0425 0.0475 0.0425 0.0425 0.0450 0.0425 0.0450 0.0425 0.0425 0.0450 0.0425 0.0425 0.0425 0.0450 0.0400 0.0450 0.0400 0.0450 0.0400 0.0450 0.0425 0.0475 0.0450
227.0000 1.0000 0.0430 0.0430 7.0000E-8 0.0000 0.0000 0.0025 -0.0006 0.0006 -0.0002 NaN 1.3878E-17 0.0300 -0.0012 0.0228 -0.0116 0.0400 0.0400 0.0400 0.0400 0.0500 0.0400 0.0500 0.0400 0.0400 0.0400 0.0500 0.0400 0.0400 0.0400 0.0400 0.0400 0.0500 0.0400 0.0400 0.0400 0.0400 0.0400 0.0500 0.0500 0.0400 0.0400 0.0400 0.0400 0.0400 0.0500 0.0400 0.0500 0.0400 0.0400 0.0400 0.0400 0.0400 0.0400 0.0400 0.0500 0.0400 0.0400 0.0500 0.0400 0.0400 0.0400 0.0400 0.0500 0.0400 0.0500 0.0400 0.0400 0.0500 0.0500 0.0400 0.0400 0.0400 0.0400 0.0400 0.0400 0.0400 0.0400 0.0500 0.0400
