/* New from 16.11.2005: Pulse Voltage, Bias Voltage, Internal Bias, Pulse width, td, # measurements,C-speed (1=fast, 2=med, 3=slow), Sample/burst mode (0=burst): 5.000 -5.000 0.000 0.050 0.010 64.000 1.000 0.000
/* T, Np, Cp, Cb, ,G, Lock-in:W1,...,Wn, GS4: W1,...,Wn, Full transient
144.0000 10.0000 38.9000 14.6770 9.3000E-7 0.0020 0.0027 0.0021 0.0030 0.0037 0.0035 NaN 0.0110 -0.0014 -0.0026 0.0075 0.0026 15.9200 15.9240 15.9270 15.9280 15.9270 15.9300 15.9300 15.9290 15.9300 15.9310 15.9330 15.9320 15.9340 15.9340 15.9340 15.9350 15.9340 15.9360 15.9370 15.9350 15.9370 15.9340 15.9390 15.9390 15.9370 15.9380 15.9380 15.9380 15.9400 15.9380 15.9390 15.9390 15.9390 15.9400 15.9400 15.9390 15.9390 15.9410 15.9390 15.9390 15.9400 15.9390 15.9410 15.9410 15.9400 15.9400 15.9400 15.9400 15.9410 15.9400 15.9400 15.9400 15.9410 15.9410 15.9410 15.9420 15.9420 15.9440 15.9410 15.9410 15.9420 15.9420 15.9410 15.9450
143.0000 24.0000 38.8700 14.6730 9.2000E-7 0.0021 0.0024 0.0027 0.0033 0.0029 0.0033 NaN 0.0115 -0.0099 0.0037 0.0043 -0.0133 15.9121 15.9163 15.9187 15.9192 15.9204 15.9204 15.9225 15.9242 15.9237 15.9258 15.9237 15.9258 15.9263 15.9263 15.9267 15.9283 15.9279 15.9263 15.9275 15.9279 15.9283 15.9279 15.9292 15.9271 15.9288 15.9283 15.9296 15.9279 15.9292 15.9275 15.9304 15.9279 15.9271 15.9246 15.9237 15.9254 15.9296 15.9296 15.9308 15.9329 15.9325 15.9321 15.9317 15.9325 15.9321 15.9312 15.9317 15.9329 15.9325 15.9325 15.9333 15.9333 15.9333 15.9342 15.9333 15.9329 15.9338 15.9342 15.9338 15.9329 15.9342 15.9346 15.9350 15.9371
142.0000 6.0000 38.7500 14.6580 1.0800E-6 0.0000 0.0008 0.0017 0.0028 0.0032 0.0032 NaN 0.0100 0.0146 0.0042 -0.0027 0.0053 15.9000 15.9000 15.9017 15.9017 15.9033 15.9050 15.9050 15.9033 15.9067 15.9067 15.9083 15.9067 15.9083 15.9100 15.9083 15.9100 15.9083 15.9117 15.9100 15.9100 15.9100 15.9117 15.9117 15.9100 15.9133 15.9117 15.9133 15.9133 15.9117 15.9117 15.9133 15.9150 15.9133 15.9150 15.9133 15.9100 15.9167 15.9117 15.9100 15.9150 15.9117 15.9167 15.9133 15.9150 15.9167 15.9183 15.9167 15.9133 15.9133 15.9167 15.9117 15.9133 15.9183 15.9167 15.9167 15.9150 15.9150 15.9183 15.9167 15.9150 15.9150 15.9150 15.9167 15.9150
141.0000 2.0000 38.6300 14.6420 1.0200E-6 0.0000 0.0025 0.0019 0.0012 0.0033 0.0030 NaN 0.0300 -0.0162 -0.0084 -0.0081 0.0059 15.8850 15.8850 15.8900 15.8900 15.8900 15.8900 15.8900 15.8950 15.8900 15.8900 15.8950 15.8900 15.8900 15.8950 15.8900 15.8950 15.8950 15.8950 15.8950 15.8950 15.8950 15.8950 15.8950 15.8950 15.9000 15.8950 15.9000 15.9000 15.9000 15.9000 15.9000 15.9000 15.9000 15.8950 15.9000 15.9000 15.9000 15.9000 15.9000 15.9000 15.9000 15.9000 15.9000 15.8950 15.9000 15.9000 15.9000 15.9000 15.9000 15.9000 15.9000 15.9000 15.9000 15.9000 15.9000 15.9000 15.9000 15.9000 15.9000 15.9000 15.9000 15.9000 15.9000 15.9050
140.0000 1.0000 38.5300 14.6300 1.3800E-6 0.0000 0.0050 8.8818E-16 0.0025 0.0016 0.0036 NaN 0.0600 -0.0325 0.0300 -0.0088 0.0217 29.7500 29.7500 29.7600 29.7600 29.7600 29.7500 29.7600 29.7500 29.7600 29.7600 29.7600 29.7600 29.7600 29.7600 29.7600 29.7600 29.7600 29.7600 29.7600 29.7600 29.7600 29.7600 29.7600 29.7600 29.7600 29.7600 29.7600 29.7600 29.7700 29.7600 29.7600 29.7600 29.7700 29.7700 29.7600 29.7600 29.7700 29.7600 29.7700 29.7700 29.7600 29.7600 29.7600 29.7600 29.7700 29.7700 29.7700 29.7700 29.7600 29.7600 29.7700 29.7600 29.7700 29.7700 29.7700 29.7700 29.7700 29.7700 29.7700 29.7700 29.7600 29.7700 29.7600 29.7700
139.0000 1.0000 38.4600 14.6210 8.0000E-7 0.0050 0.0075 0.0025 0.0025 0.0031 0.0019 NaN 0.0575 0.0262 0.0137 0.0213 0.0134 15.8500 15.8600 15.8700 15.8700 15.8700 15.8700 15.8700 15.8600 15.8700 15.8700 15.8700 15.8700 15.8700 15.8700 15.8700 15.8700 15.8700 15.8700 15.8700 15.8700 15.8700 15.8800 15.8800 15.8800 15.8700 15.8800 15.8700 15.8700 15.8800 15.8800 15.8700 15.8700 15.8700 15.8800 15.8800 15.8700 15.8800 15.8700 15.8800 15.8700 15.8700 15.8700 15.8700 15.8800 15.8800 15.8800 15.8800 15.8700 15.8700 15.8700 15.8800 15.8800 15.8700 15.8700 15.8700 15.8800 15.8700 15.8700 15.8700 15.8700 15.8700 15.8800 15.8800 15.8800
137.0000 2.0000 38.3300 14.6060 7.4000E-7 0.0050 0.0075 0.0063 0.0037 0.0031 0.0022 NaN 0.0575 0.0262 -0.0406 -0.0094 -0.0166 15.8250 15.8350 15.8450 15.8450 15.8500 15.8500 15.8500 15.8500 15.8500 15.8500 15.8450 15.8500 15.8550 15.8500 15.8550 15.8550 15.8500 15.8550 15.8550 15.8500 15.8500 15.8500 15.8550 15.8550 15.8600 15.8550 15.8500 15.8550 15.8550 15.8600 15.8500 15.8550 15.8550 15.8500 15.8550 15.8550 15.8500 15.8550 15.8550 15.8550 15.8550 15.8550 15.8500 15.8550 15.8550 15.8550 15.8500 15.8550 15.8600 15.8600 15.8550 15.8500 15.8550 15.8550 15.8550 15.8550 15.8600 15.8550 15.8550 15.8550 15.8550 15.8600 15.8600 15.8550
134.0000 1.0000 38.1500 14.5820 6.8000E-7 0.0100 0.0100 0.0088 0.0050 0.0031 0.0028 NaN 0.0550 0.0850 -0.0194 0.0050 0.0134 15.7900 15.8100 15.8200 15.8200 15.8300 15.8300 15.8300 15.8200 15.8300 15.8200 15.8300 15.8300 15.8300 15.8300 15.8300 15.8300 15.8300 15.8300 15.8300 15.8300 15.8300 15.8300 15.8300 15.8300 15.8300 15.8300 15.8300 15.8300 15.8300 15.8300 15.8300 15.8300 15.8300 15.8300 15.8300 15.8300 15.8300 15.8300 15.8400 15.8300 15.8300 15.8300 15.8300 15.8300 15.8400 15.8400 15.8400 15.8300 15.8400 15.8300 15.8300 15.8400 15.8300 15.8400 15.8300 15.8300 15.8300 15.8300 15.8300 15.8300 15.8400 15.8300 15.8300 15.8300
131.0000 1.0000 37.9700 14.5630 6.4000E-7 0.0100 0.0175 0.0137 0.0088 0.0047 0.0028 NaN 0.0550 -0.0388 -0.0069 -0.0119 -0.0023 15.7500 15.7700 15.7900 15.8000 15.8000 15.8000 15.8100 15.8100 15.8100 15.8100 15.8100 15.8000 15.8100 15.8100 15.8100 15.8100 15.8100 15.8100 15.8100 15.8100 15.8100 15.8000 15.8100 15.8100 15.8100 15.8100 15.8100 15.8100 15.8100 15.8100 15.8100 15.8100 15.8100 15.8100 15.8100 15.8100 15.8100 15.8100 15.8100 15.8100 15.8100 15.8100 15.8100 15.8100 15.8100 15.8100 15.8100 15.8100 15.8100 15.8100 15.8100 15.8100 15.8100 15.8100 15.8100 15.8200 15.8100 15.8100 15.8100 15.8100 15.8100 15.8100 15.8100 15.8100
128.0000 1.0000 37.8100 14.5410 6.1000E-7 0.0100 0.0175 0.0137 0.0113 0.0084 0.0048 NaN 0.0550 -0.0388 0.0231 0.0169 0.0033 15.7200 15.7400 15.7600 15.7700 15.7700 15.7700 15.7800 15.7800 15.7800 15.7800 15.7800 15.7900 15.7800 15.7900 15.7800 15.7900 15.7900 15.7800 15.7900 15.7900 15.7900 15.7900 15.7900 15.7900 15.7900 15.7900 15.7900 15.7900 15.7900 15.7900 15.7900 15.7900 15.7900 15.7900 15.7900 15.7900 15.7900 15.7900 15.8000 15.7900 15.7900 15.7900 15.7900 15.7900 15.7900 15.7900 15.7900 15.7900 15.7900 15.7900 15.7900 15.8000 15.7900 15.7900 15.7900 15.7900 15.7900 15.7900 15.7900 15.7900 15.7900 15.7900 15.7900 15.7900
125.0000 1.0000 37.6400 14.5200 5.7000E-7 0.0050 0.0100 0.0188 0.0181 0.0125 0.0077 NaN -0.0025 0.0250 0.0506 -0.0241 0.0050 15.6900 15.7000 15.7100 15.7200 15.7300 15.7400 15.7500 15.7500 15.7500 15.7600 15.7600 15.7600 15.7600 15.7600 15.7700 15.7600 15.7600 15.7600 15.7600 15.7600 15.7700 15.7700 15.7700 15.7600 15.7700 15.7700 15.7700 15.7700 15.7700 15.7700 15.7700 15.7700 15.7700 15.7600 15.7700 15.7700 15.7700 15.7700 15.7700 15.7700 15.7700 15.7700 15.7700 15.7700 15.7700 15.7700 15.7700 15.7700 15.7700 15.7700 15.7700 15.7700 15.7700 15.7700 15.7700 15.7700 15.7700 15.7700 15.7700 15.7700 15.7700 15.7700 15.7700 15.7700
122.0000 2.0000 37.4900 14.4960 5.4000E-7 0.0100 0.0088 0.0150 0.0181 0.0173 0.0123 NaN -0.0950 0.0106 -0.0150 0.0284 0.0157 14.6550 14.6750 14.6750 14.6900 14.6900 14.7050 14.7050 14.7150 14.7150 14.7150 14.7150 14.7250 14.7300 14.7300 14.7350 14.7350 14.7350 14.7350 14.7350 14.7400 14.7350 14.7400 14.7400 14.7450 14.7450 14.7450 14.7400 14.7450 14.7450 14.7450 14.7450 14.7500 14.7500 14.7500 14.7450 14.7500 14.7450 14.7500 14.7500 14.7450 14.7450 14.7500 14.7500 14.7450 14.7500 14.7450 14.7450 14.7500 14.7500 14.7500 14.7450 14.7450 14.7550 14.7500 14.7500 14.7500 14.7550 14.7500 14.7500 14.7500 14.7500 14.7500 14.7500 14.7500
119.0000 2.0000 37.3200 14.4600 5.3000E-7 0.0050 0.0088 0.0119 0.0150 0.0181 0.0170 NaN 0.0275 -0.0044 0.0016 0.0300 0.0378 14.6300 14.6400 14.6500 14.6550 14.6600 14.6650 14.6700 14.6750 14.6750 14.6750 14.6850 14.6850 14.6850 14.6900 14.6950 14.6950 14.6950 14.7000 14.6950 14.7050 14.7050 14.7050 14.7050 14.7050 14.7050 14.7150 14.7100 14.7150 14.7100 14.7100 14.7150 14.7150 14.7150 14.7150 14.7150 14.7200 14.7200 14.7200 14.7250 14.7150 14.7200 14.7150 14.7250 14.7250 14.7250 14.7200 14.7250 14.7200 14.7200 14.7250 14.7250 14.7200 14.7250 14.7250 14.7250 14.7250 14.7250 14.7250 14.7250 14.7350 14.7250 14.7250 14.7250 14.7300
116.0000 2.0000 37.1600 14.4210 4.9000E-7 0.0025 0.0050 0.0075 0.0119 0.0156 0.0188 NaN 0.0887 -0.0325 0.0262 0.0091 0.0428 13.6150 13.6200 13.6300 13.6250 13.6300 13.6350 13.6450 13.6400 13.6450 13.6500 13.6500 13.6550 13.6550 13.6550 13.6550 13.6650 13.6650 13.6650 13.6700 13.6650 13.6650 13.6650 13.6700 13.6750 13.6750 13.6750 13.6750 13.6800 13.6800 13.6800 13.6800 13.6850 13.6850 13.6850 13.6850 13.6850 13.6850 13.6900 13.6900 13.6950 13.6900 13.6900 13.6950 13.6950 13.6950 13.6950 13.6950 13.6950 13.6950 13.6950 13.7000 13.6950 13.6950 13.6950 13.7050 13.7000 13.7000 13.7000 13.7000 13.7050 13.7050 13.7050 13.7000 13.7000
114.0000 2.0000 37.0200 14.3860 4.8000E-7 0.0025 0.0025 0.0081 0.0084 0.0119 0.0159 NaN 0.0587 0.0137 -0.0191 0.0033 0.0147 13.5950 13.6000 13.6050 13.6000 13.6100 13.6150 13.6200 13.6200 13.6200 13.6200 13.6200 13.6250 13.6300 13.6250 13.6300 13.6300 13.6300 13.6300 13.6350 13.6350 13.6400 13.6350 13.6400 13.6400 13.6400 13.6400 13.6450 13.6450 13.6450 13.6450 13.6500 13.6500 13.6500 13.6550 13.6500 13.6450 13.6550 13.6550 13.6550 13.6550 13.6550 13.6550 13.6550 13.6550 13.6600 13.6550 13.6600 13.6600 13.6600 13.6650 13.6650 13.6600 13.6600 13.6650 13.6650 13.6650 13.6700 13.6700 13.6650 13.6700 13.6650 13.6650 13.6700 13.6700
112.0000 2.0000 36.9000 14.3570 4.5000E-7 0.0000 0.0037 0.0050 0.0056 0.0097 0.0128 NaN 7.1054E-15 -0.0319 -0.0100 0.0122 0.0120 13.5800 13.5800 13.5850 13.5900 13.5900 13.5900 13.6000 13.5950 13.5950 13.6000 13.5950 13.6000 13.6000 13.6000 13.6000 13.6100 13.6100 13.6100 13.6050 13.6100 13.6100 13.6150 13.6100 13.6100 13.6150 13.6150 13.6200 13.6150 13.6150 13.6200 13.6200 13.6200 13.6200 13.6250 13.6250 13.6250 13.6200 13.6250 13.6250 13.6250 13.6250 13.6300 13.6250 13.6250 13.6250 13.6250 13.6300 13.6300 13.6250 13.6350 13.6300 13.6300 13.6350 13.6350 13.6350 13.6350 13.6350 13.6350 13.6350 13.6350 13.6400 13.6350 13.6350 13.6350
110.0000 2.0000 36.7900 14.3350 4.3000E-7 0.0025 0.0025 0.0031 0.0050 0.0064 0.0093 NaN -0.0312 -0.0463 0.0059 0.0050 0.0024 13.5650 13.5700 13.5700 13.5750 13.5700 13.5750 13.5800 13.5800 13.5800 13.5800 13.5800 13.5850 13.5850 13.5850 13.5850 13.5850 13.5850 13.5900 13.5900 13.5900 13.5900 13.5850 13.5900 13.5900 13.5900 13.5900 13.5950 13.5900 13.5950 13.5950 13.6000 13.5900 13.5950 13.5950 13.5950 13.5950 13.6000 13.5950 13.5950 13.6000 13.6000 13.6000 13.6000 13.6050 13.6050 13.6000 13.6050 13.6050 13.6050 13.6050 13.6050 13.6050 13.6050 13.6050 13.6100 13.6050 13.6050 13.6100 13.6100 13.6100 13.6050 13.6100 13.6050 13.6100
108.0000 4.0000 36.6900 14.3150 4.2000E-7 0.0012 0.0025 0.0025 0.0041 0.0053 0.0073 NaN -0.0006 -0.0088 0.0100 -0.0020 -0.0064 13.5475 13.5500 13.5525 13.5550 13.5550 13.5550 13.5550 13.5600 13.5600 13.5625 13.5575 13.5625 13.5625 13.5650 13.5625 13.5625 13.5625 13.5650 13.5650 13.5650 13.5675 13.5675 13.5650 13.5725 13.5675 13.5700 13.5700 13.5700 13.5725 13.5725 13.5725 13.5700 13.5750 13.5725 13.5700 13.5750 13.5725 13.5725 13.5725 13.5750 13.5750 13.5750 13.5725 13.5750 13.5775 13.5750 13.5750 13.5800 13.5750 13.5800 13.5750 13.5825 13.5825 13.5850 13.5800 13.5800 13.5800 13.5800 13.5825 13.5825 13.5800 13.5850 13.5850 13.5800
106.0000 4.0000 36.5700 14.2950 4.2000E-7 0.0000 0.0012 0.0025 0.0031 0.0036 0.0048 NaN 0.0150 -0.0006 0.0100 0.0059 -0.0065 15.5375 15.5375 15.5400 15.5400 15.5400 15.5450 15.5450 15.5450 15.5475 15.5450 15.5475 15.5475 15.5500 15.5475 15.5500 15.5450 15.5500 15.5500 15.5500 15.5500 15.5525 15.5500 15.5525 15.5500 15.5525 15.5500 15.5525 15.5525 15.5525 15.5525 15.5550 15.5525 15.5550 15.5550 15.5525 15.5525 15.5550 15.5525 15.5575 15.5525 15.5550 15.5575 15.5575 15.5550 15.5575 15.5550 15.5575 15.5575 15.5575 15.5575 15.5575 15.5525 15.5625 15.5625 15.5600 15.5625 15.5575 15.5625 15.5625 15.5600 15.5600 15.5600 15.5600 15.5625
104.0000 4.0000 36.4600 14.2770 4.2000E-7 0.0000 0.0012 0.0006 0.0020 0.0030 0.0037 NaN 0.0150 -0.0231 0.0034 -0.0141 -0.0005 15.5250 15.5250 15.5275 15.5275 15.5275 15.5250 15.5275 15.5300 15.5300 15.5300 15.5275 15.5325 15.5300 15.5300 15.5325 15.5350 15.5300 15.5375 15.5325 15.5325 15.5325 15.5350 15.5300 15.5325 15.5350 15.5350 15.5350 15.5350 15.5375 15.5400 15.5400 15.5375 15.5375 15.5325 15.5375 15.5375 15.5350 15.5400 15.5375 15.5375 15.5375 15.5375 15.5400 15.5400 15.5375 15.5375 15.5425 15.5375 15.5400 15.5375 15.5375 15.5400 15.5400 15.5425 15.5425 15.5425 15.5450 15.5400 15.5425 15.5400 15.5425 15.5400 15.5400 15.5375
102.0000 5.0000 36.3700 14.2610 4.1000E-7 0.0030 0.0010 0.0020 0.0021 0.0027 0.0029 NaN -0.0255 -0.0185 -0.0190 0.0034 -0.0036 15.5060 15.5120 15.5100 15.5120 15.5100 15.5140 15.5160 15.5160 15.5120 15.5160 15.5160 15.5140 15.5180 15.5140 15.5200 15.5200 15.5160 15.5180 15.5200 15.5180 15.5180 15.5200 15.5220 15.5180 15.5200 15.5200 15.5200 15.5220 15.5200 15.5200 15.5200 15.5220 15.5200 15.5200 15.5200 15.5220 15.5220 15.5220 15.5220 15.5220 15.5220 15.5240 15.5240 15.5200 15.5240 15.5200 15.5200 15.5200 15.5200 15.5240 15.5200 15.5240 15.5260 15.5240 15.5220 15.5240 15.5200 15.5260 15.5220 15.5260 15.5240 15.5280 15.5240 15.5260
101.0000 1.0000 36.2700 14.2470 4.0000E-7 0.0050 0.0025 0.0012 0.0037 0.0016 0.0027 NaN -0.0025 -0.0012 0.0594 -0.0394 -0.0008 15.4900 15.5000 15.5000 15.5000 15.5000 15.5000 15.5000 15.5000 15.5100 15.5100 15.5000 15.5100 15.5100 15.5000 15.5000 15.5100 15.5000 15.5000 15.5100 15.5000 15.5100 15.5000 15.5000 15.5100 15.5100 15.5000 15.5100 15.5100 15.5100 15.5000 15.5100 15.5100 15.5100 15.5100 15.5100 15.5000 15.5000 15.5100 15.5100 15.5100 15.5100 15.5100 15.5000 15.5100 15.5100 15.5000 15.5100 15.5200 15.5100 15.5100 15.5100 15.5100 15.5100 15.5100 15.5100 15.5100 15.5100 15.5100 15.5100 15.5100 15.5200 15.5100 15.5100 15.5100
100.0000 2.0000 36.2100 14.2400 4.1000E-7 0.0050 0.0037 0.0050 0.0031 0.0011 0.0017 NaN -0.0325 0.0131 0.0050 -0.0241 0.0051 15.4800 15.4900 15.4900 15.4950 15.4950 15.5000 15.5000 15.5000 15.5000 15.5000 15.5000 15.5000 15.5000 15.5000 15.5000 15.5000 15.4950 15.5000 15.5000 15.4950 15.4950 15.5000 15.5000 15.5000 15.5000 15.5000 15.5000 15.5000 15.5000 15.5000 15.5000 15.5000 15.5000 15.5050 15.4950 15.5000 15.5050 15.5000 15.5000 15.5000 15.5000 15.5000 15.5050 15.5000 15.5000 15.5000 15.5000 15.5050 15.5000 15.5050 15.5000 15.5000 15.5100 15.5050 15.5000 15.5000 15.5000 15.5000 15.5000 15.5000 15.5050 15.5000 15.5050 15.5000
99.0000 2.0000 36.1700 14.2310 4.0000E-7 0.0125 0.0063 0.0056 0.0031 0.0022 0.0026 NaN -0.0063 0.0269 -0.0103 -0.0053 0.0083 15.4600 15.4850 15.4850 15.4850 15.4900 15.4900 15.4900 15.4900 15.4900 15.4900 15.4900 15.4900 15.4900 15.4900 15.4900 15.4950 15.4950 15.4900 15.4900 15.4900 15.4900 15.4900 15.4900 15.4950 15.4900 15.4900 15.4950 15.4900 15.4950 15.4950 15.4900 15.4950 15.4950 15.4900 15.4950 15.4950 15.4900 15.4950 15.4900 15.4950 15.4950 15.5000 15.4950 15.4950 15.4950 15.5000 15.4950 15.4900 15.4950 15.4950 15.5000 15.4900 15.5000 15.4950 15.4950 15.4950 15.4900 15.4950 15.4900 15.5000 15.4950 15.5000 15.4950 15.4950
98.0000 2.0000 36.1200 14.2250 4.0000E-7 0.0175 0.0137 0.0075 0.0047 0.0037 0.0031 NaN 0.0512 0.0231 -0.0037 -0.0023 0.0244 15.4350 15.4700 15.4800 15.4800 15.4800 15.4850 15.4800 15.4800 15.4800 15.4850 15.4850 15.4800 15.4850 15.4850 15.4850 15.4800 15.4800 15.4850 15.4900 15.4850 15.4850 15.4850 15.4850 15.4850 15.4900 15.4850 15.4850 15.4850 15.4900 15.4900 15.4850 15.4850 15.4850 15.4900 15.4850 15.4900 15.4900 15.4900 15.4900 15.4900 15.4900 15.4900 15.4900 15.4900 15.4900 15.4850 15.4900 15.4900 15.4850 15.4850 15.4850 15.4900 15.4850 15.4900 15.4900 15.4850 15.4900 15.4850 15.4900 15.4900 15.4850 15.4900 15.4900 15.4900
97.0000 3.0000 36.0800 14.2180 4.0000E-7 0.0233 0.0175 0.0125 0.0063 0.0033 0.0026 NaN 0.0283 0.0512 -0.0063 -0.0006 -0.0079 15.4133 15.4600 15.4700 15.4733 15.4800 15.4800 15.4800 15.4767 15.4800 15.4800 15.4767 15.4800 15.4767 15.4800 15.4800 15.4800 15.4800 15.4833 15.4767 15.4800 15.4767 15.4800 15.4800 15.4800 15.4800 15.4800 15.4800 15.4800 15.4800 15.4767 15.4800 15.4800 15.4800 15.4800 15.4800 15.4800 15.4833 15.4800 15.4800 15.4800 15.4800 15.4800 15.4800 15.4833 15.4800 15.4800 15.4800 15.4800 15.4833 15.4800 15.4800 15.4800 15.4833 15.4800 15.4833 15.4833 15.4833 15.4833 15.4833 15.4800 15.4833 15.4833 15.4867 15.4800
96.0000 4.0000 36.0300 14.2130 3.9000E-7 0.0350 0.0275 0.0172 0.0095 0.0057 0.0037 NaN 0.0575 0.0162 0.0027 0.0009 -0.0150 15.3725 15.4425 15.4600 15.4650 15.4700 15.4675 15.4700 15.4700 15.4700 15.4725 15.4725 15.4700 15.4700 15.4700 15.4725 15.4725 15.4725 15.4700 15.4750 15.4700 15.4750 15.4725 15.4725 15.4750 15.4750 15.4750 15.4775 15.4700 15.4725 15.4725 15.4750 15.4700 15.4700 15.4725 15.4725 15.4800 15.4700 15.4700 15.4750 15.4725 15.4775 15.4750 15.4700 15.4750 15.4725 15.4750 15.4750 15.4750 15.4750 15.4750 15.4775 15.4775 15.4775 15.4750 15.4775 15.4775 15.4775 15.4775 15.4725 15.4750 15.4775 15.4700 15.4775 15.4775
95.0000 4.0000 35.9800 14.2050 3.7000E-7 0.0413 0.0369 0.0247 0.0137 0.0073 0.0050 NaN 0.1294 0.0116 -0.0011 -0.0125 0.0113 15.3350 15.4175 15.4475 15.4525 15.4600 15.4600 15.4625 15.4675 15.4675 15.4650 15.4625 15.4650 15.4600 15.4675 15.4675 15.4675 15.4650 15.4675 15.4675 15.4625 15.4675 15.4600 15.4650 15.4700 15.4625 15.4675 15.4650 15.4675 15.4700 15.4675 15.4650 15.4700 15.4700 15.4700 15.4700 15.4675 15.4700 15.4675 15.4700 15.4700 15.4700 15.4700 15.4675 15.4675 15.4650 15.4700 15.4700 15.4675 15.4675 15.4675 15.4675 15.4700 15.4700 15.4700 15.4700 15.4700 15.4675 15.4700 15.4675 15.4675 15.4700 15.4700 15.4700 15.4700
94.0000 4.0000 35.9300 14.1980 3.8000E-7 0.0437 0.0481 0.0406 0.0216 0.0125 0.0070 NaN 0.0231 0.0959 -0.0053 0.0042 0.0059 15.2775 15.3650 15.4025 15.4325 15.4425 15.4500 15.4525 15.4575 15.4550 15.4550 15.4500 15.4525 15.4500 15.4550 15.4550 15.4525 15.4550 15.4575 15.4550 15.4525 15.4575 15.4575 15.4550 15.4600 15.4575 15.4600 15.4550 15.4550 15.4575 15.4575 15.4575 15.4550 15.4575 15.4550 15.4575 15.4575 15.4575 15.4600 15.4600 15.4600 15.4600 15.4600 15.4575 15.4600 15.4550 15.4600 15.4600 15.4550 15.4600 15.4600 15.4600 15.4575 15.4600 15.4575 15.4575 15.4575 15.4525 15.4575 15.4575 15.4600 15.4575 15.4575 15.4575 15.4575
93.0000 5.0000 35.8600 14.1870 3.9000E-7 0.0390 0.0530 0.0520 0.0347 0.0196 0.0101 NaN 0.0765 0.1355 0.0430 -0.0069 -0.0240 15.2300 15.3080 15.3580 15.3920 15.4120 15.4240 15.4320 15.4360 15.4400 15.4400 15.4420 15.4440 15.4420 15.4460 15.4460 15.4480 15.4440 15.4480 15.4460 15.4480 15.4500 15.4420 15.4500 15.4480 15.4500 15.4500 15.4500 15.4480 15.4500 15.4480 15.4480 15.4460 15.4440 15.4480 15.4500 15.4460 15.4500 15.4480 15.4480 15.4460 15.4460 15.4460 15.4460 15.4480 15.4480 15.4500 15.4460 15.4500 15.4480 15.4500 15.4500 15.4500 15.4480 15.4500 15.4500 15.4480 15.4500 15.4500 15.4500 15.4500 15.4500 15.4500 15.4480 15.4500
92.0000 5.0000 35.8000 14.1780 3.8000E-7 0.0350 0.0520 0.0587 0.0464 0.0266 0.0137 NaN 0.0905 0.1420 0.0846 0.0248 -0.0073 15.1940 15.2640 15.3160 15.3500 15.3760 15.3960 15.4060 15.4160 15.4240 15.4260 15.4300 15.4300 15.4380 15.4380 15.4360 15.4380 15.4380 15.4420 15.4380 15.4400 15.4420 15.4400 15.4380 15.4400 15.4400 15.4400 15.4380 15.4400 15.4400 15.4360 15.4380 15.4400 15.4420 15.4380 15.4420 15.4400 15.4380 15.4400 15.4400 15.4400 15.4400 15.4400 15.4420 15.4400 15.4400 15.4400 15.4400 15.4420 15.4380 15.4400 15.4420 15.4400 15.4420 15.4380 15.4380 15.4400 15.4400 15.4400 15.4440 15.4400 15.4400 15.4400 15.4400 15.4400
91.0000 3.0000 35.7400 14.1690 3.6000E-7 0.0267 0.0442 0.0592 0.0590 0.0410 0.0218 NaN 0.0267 0.0779 0.1504 0.0905 -0.0068 15.1567 15.2100 15.2533 15.2900 15.3133 15.3400 15.3567 15.3733 15.3867 15.3900 15.4000 15.4033 15.4100 15.4133 15.4133 15.4200 15.4200 15.4233 15.4267 15.4233 15.4300 15.4300 15.4300 15.4300 15.4300 15.4267 15.4300 15.4233 15.4300 15.4300 15.4300 15.4300 15.4300 15.4300 15.4300 15.4300 15.4333 15.4300 15.4300 15.4300 15.4300 15.4300 15.4300 15.4300 15.4300 15.4300 15.4300 15.4300 15.4300 15.4300 15.4300 15.4300 15.4300 15.4300 15.4333 15.4267 15.4333 15.4300 15.4300 15.4300 15.4333 15.4300 15.4300 15.4300
90.0000 2.0000 35.6800 14.1510 3.7000E-7 0.0225 0.0362 0.0538 0.0637 0.0534 0.0309 NaN 0.0188 0.0269 0.1456 0.1256 0.0145 15.1300 15.1750 15.2100 15.2400 15.2650 15.2850 15.3100 15.3250 15.3400 15.3500 15.3600 15.3700 15.3750 15.3850 15.3900 15.3900 15.3950 15.4000 15.4050 15.4100 15.4100 15.4150 15.4100 15.4150 15.4150 15.4200 15.4200 15.4200 15.4200 15.4150 15.4200 15.4200 15.4200 15.4250 15.4200 15.4200 15.4200 15.4200 15.4250 15.4200 15.4200 15.4200 15.4200 15.4250 15.4200 15.4200 15.4200 15.4200 15.4200 15.4200 15.4200 15.4200 15.4200 15.4200 15.4250 15.4300 15.4250 15.4250 15.4200 15.4200 15.4200 15.4250 15.4200 15.4200
89.0000 3.0000 35.6400 14.1310 3.8000E-7 0.0167 0.0275 0.0467 0.0617 0.0621 0.0429 NaN 0.0117 0.0362 0.0917 0.1417 0.0740 15.1133 15.1467 15.1733 15.1967 15.2200 15.2433 15.2633 15.2767 15.2900 15.3067 15.3133 15.3233 15.3333 15.3433 15.3500 15.3600 15.3633 15.3667 15.3767 15.3767 15.3800 15.3867 15.3900 15.3900 15.3967 15.4000 15.3967 15.4000 15.4033 15.4033 15.4033 15.4067 15.4100 15.4100 15.4067 15.4100 15.4100 15.4100 15.4100 15.4100 15.4100 15.4133 15.4167 15.4167 15.4133 15.4133 15.4167 15.4100 15.4167 15.4133 15.4167 15.4100 15.4167 15.4100 15.4167 15.4167 15.4167 15.4200 15.4167 15.4200 15.4167 15.4133 15.4167 15.4167
88.0000 4.0000 35.5900 14.0930 3.7000E-7 0.0125 0.0213 0.0378 0.0559 0.0655 0.0541 NaN -0.0063 0.0344 0.0823 0.1445 0.1360 15.1000 15.1250 15.1450 15.1650 15.1850 15.2025 15.2175 15.2325 15.2475 15.2600 15.2700 15.2800 15.2875 15.3000 15.3100 15.3125 15.3225 15.3325 15.3350 15.3425 15.3450 15.3525 15.3575 15.3575 15.3650 15.3650 15.3700 15.3700 15.3775 15.3800 15.3825 15.3825 15.3900 15.3875 15.3875 15.3925 15.3950 15.3925 15.3975 15.4000 15.3975 15.3975 15.4000 15.4000 15.4000 15.4000 15.4000 15.4050 15.4025 15.4000 15.4075 15.4025 15.4050 15.4050 15.4050 15.4075 15.4075 15.4100 15.4050 15.4075 15.4075 15.4075 15.4075 15.4100
87.0000 4.0000 35.5500 14.0500 3.7000E-7 0.0100 0.0188 0.0331 0.0512 0.0650 0.0609 NaN 0.0250 0.0506 0.0622 0.1037 0.1428 15.0850 15.1050 15.1250 15.1400 15.1600 15.1750 15.1825 15.2025 15.2150 15.2250 15.2350 15.2475 15.2550 15.2650 15.2725 15.2800 15.2900 15.2975 15.2975 15.3050 15.3150 15.3150 15.3225 15.3300 15.3350 15.3400 15.3425 15.3450 15.3500 15.3550 15.3525 15.3575 15.3600 15.3625 15.3675 15.3650 15.3725 15.3700 15.3750 15.3750 15.3725 15.3800 15.3800 15.3825 15.3825 15.3875 15.3900 15.3900 15.3900 15.3900 15.3900 15.3900 15.3900 15.3950 15.3900 15.3925 15.3950 15.3950 15.3950 15.4000 15.4000 15.4000 15.3975 15.3975
86.0000 4.0000 35.5200 14.0220 3.6000E-7 0.0075 0.0125 0.0247 0.0416 0.0598 0.0656 NaN -0.0338 -0.0213 0.0177 0.0786 0.1586 15.0800 15.0950 15.1050 15.1200 15.1325 15.1400 15.1575 15.1675 15.1750 15.1850 15.1925 15.2075 15.2150 15.2200 15.2300 15.2375 15.2400 15.2475 15.2600 15.2600 15.2725 15.2750 15.2800 15.2875 15.2900 15.2950 15.3000 15.3075 15.3100 15.3125 15.3175 15.3175 15.3225 15.3250 15.3300 15.3325 15.3350 15.3375 15.3400 15.3475 15.3475 15.3475 15.3525 15.3525 15.3550 15.3600 15.3600 15.3575 15.3600 15.3625 15.3650 15.3675 15.3650 15.3650 15.3700 15.3700 15.3750 15.3725 15.3750 15.3775 15.3725 15.3775 15.3750 15.3800
85.0000 3.0000 35.4700 13.9750 3.6000E-7 0.0033 0.0133 0.0200 0.0369 0.0547 0.0664 NaN 0.0183 0.0033 0.0350 0.0641 0.1302 15.0700 15.0767 15.0933 15.1067 15.1133 15.1233 15.1300 15.1400 15.1533 15.1600 15.1700 15.1767 15.1833 15.1933 15.2033 15.2033 15.2133 15.2233 15.2267 15.2300 15.2367 15.2400 15.2467 15.2500 15.2567 15.2633 15.2667 15.2700 15.2733 15.2800 15.2833 15.2867 15.2867 15.2967 15.2967 15.3033 15.3033 15.3067 15.3167 15.3133 15.3133 15.3167 15.3267 15.3233 15.3233 15.3300 15.3300 15.3333 15.3367 15.3367 15.3400 15.3433 15.3433 15.3433 15.3500 15.3500 15.3500 15.3500 15.3500 15.3533 15.3533 15.3567 15.3567 15.3600
84.0000 2.0000 35.4500 13.9550 3.7000E-7 0.0050 0.0088 0.0169 0.0297 0.0491 0.0641 NaN 0.0275 0.0106 -0.0234 0.0414 0.0936 15.0700 15.0800 15.0900 15.0950 15.1100 15.1100 15.1200 15.1300 15.1350 15.1400 15.1500 15.1550 15.1650 15.1700 15.1800 15.1850 15.1900 15.1950 15.2000 15.2100 15.2150 15.2150 15.2200 15.2250 15.2350 15.2350 15.2450 15.2500 15.2500 15.2550 15.2550 15.2600 15.2600 15.2700 15.2700 15.2750 15.2800 15.2800 15.2850 15.2900 15.2950 15.2950 15.2950 15.2950 15.3000 15.3050 15.3050 15.3050 15.3150 15.3100 15.3150 15.3200 15.3200 15.3150 15.3250 15.3250 15.3350 15.3350 15.3300 15.3350 15.3350 15.3400 15.3400 15.3450
82.0000 2.0000 35.4200 13.9180 3.7000E-7 0.0025 0.0050 0.0131 0.0213 0.0372 0.0556 NaN -0.0012 0.0125 -0.0216 0.0156 0.0658 15.0650 15.0700 15.0750 15.0800 15.0900 15.0950 15.1050 15.1050 15.1150 15.1100 15.1200 15.1250 15.1300 15.1400 15.1400 15.1450 15.1500 15.1550 15.1600 15.1650 15.1650 15.1750 15.1750 15.1750 15.1850 15.1850 15.1950 15.1950 15.2000 15.2050 15.2050 15.2100 15.2150 15.2150 15.2150 15.2200 15.2300 15.2300 15.2300 15.2350 15.2350 15.2350 15.2450 15.2450 15.2500 15.2500 15.2550 15.2600 15.2550 15.2650 15.2650 15.2650 15.2650 15.2750 15.2700 15.2750 15.2750 15.2850 15.2750 15.2800 15.2850 15.2850 15.2900 15.2950
80.0000 3.0000 35.4000 13.8910 3.7000E-7 0.0050 0.0042 0.0096 0.0162 0.0276 0.0456 NaN -0.0425 -0.0021 0.0052 0.0119 0.0474 15.0600 15.0700 15.0700 15.0767 15.0800 15.0867 15.0900 15.0967 15.0967 15.1000 15.1067 15.1133 15.1133 15.1133 15.1233 15.1233 15.1233 15.1300 15.1333 15.1367 15.1400 15.1433 15.1467 15.1533 15.1533 15.1567 15.1567 15.1567 15.1633 15.1667 15.1700 15.1733 15.1767 15.1767 15.1833 15.1867 15.1900 15.1900 15.1933 15.1933 15.1967 15.2000 15.2033 15.2067 15.2067 15.2067 15.2133 15.2133 15.2167 15.2167 15.2167 15.2233 15.2267 15.2267 15.2267 15.2300 15.2367 15.2367 15.2367 15.2367 15.2400 15.2433 15.2467 15.2467
