/* New from 16.11.2005: Pulse Voltage, Bias Voltage, Internal Bias, Pulse width, td, # measurements,C-speed (1=fast, 2=med, 3=slow), Sample/burst mode (0=burst): 5.000 -5.000 0.000 0.050 0.010 64.000 1.000 0.000
/* T, Np, Cp, Cb, ,G, Lock-in:W1,...,Wn, GS4: W1,...,Wn, Full transient
287.0000 1.0000 53.7800 15.8590 8.2300E-6 0.0050 0.0100 0.0063 0.0019 0.0009 0.0022 NaN -0.0025 0.0550 -0.0181 -0.0009 0.0258 17.0800 17.0900 17.1000 17.1100 17.1100 17.1100 17.1100 17.1000 17.1100 17.1000 17.1100 17.1000 17.1000 17.1100 17.1100 17.1000 17.1000 17.1000 17.1000 17.1000 17.1100 17.1100 17.1100 17.1100 17.1000 17.1000 17.1000 17.1100 17.1100 17.1100 17.1100 17.1000 17.1100 17.1100 17.1100 17.1100 17.1100 17.1100 17.1100 17.1100 17.1100 17.1100 17.1100 17.1000 17.1100 17.1100 17.1100 17.1000 17.1000 17.1100 17.1100 17.1000 17.1100 17.1100 17.1100 17.1100 17.1100 17.1100 17.1100 17.1000 17.1100 17.1100 17.1100 17.1100
286.0000 3.0000 53.7500 15.8350 5.9700E-6 0.0050 0.0067 0.0050 0.0044 0.0028 0.0016 NaN 0.0175 -0.0133 -0.0175 -0.0172 0.0023 17.0700 17.0800 17.0867 17.0900 17.0867 17.0933 17.0933 17.0933 17.0933 17.0967 17.0900 17.0933 17.0967 17.0967 17.0967 17.1000 17.0967 17.0967 17.0933 17.0933 17.0933 17.0933 17.1000 17.0967 17.1000 17.1000 17.0967 17.0967 17.0933 17.1000 17.0967 17.1000 17.0933 17.0933 17.1000 17.1000 17.0967 17.0967 17.0933 17.1000 17.1000 17.0967 17.0933 17.0967 17.0967 17.1000 17.1000 17.0967 17.0967 17.1000 17.1000 17.0967 17.0967 17.0967 17.0933 17.0967 17.1000 17.1000 17.0967 17.0933 17.0933 17.0967 17.0933 17.1000
285.0000 2.0000 53.6000 15.8240 6.0200E-6 0.0100 0.0088 0.0063 0.0041 0.0030 0.0016 NaN -0.0050 -0.0494 -0.0031 0.0205 -0.0109 17.0600 17.0800 17.0850 17.0900 17.0900 17.0850 17.0950 17.0950 17.0900 17.0900 17.0950 17.0950 17.0950 17.0900 17.1000 17.0900 17.1000 17.0900 17.0900 17.0950 17.1000 17.0950 17.0950 17.1000 17.0950 17.1000 17.0950 17.0950 17.0900 17.0950 17.0900 17.0950 17.0950 17.0950 17.0950 17.1000 17.0950 17.1000 17.0950 17.0950 17.1000 17.0900 17.0950 17.0900 17.0900 17.0950 17.0900 17.0950 17.1000 17.0900 17.0900 17.1000 17.0950 17.0950 17.1000 17.1000 17.0950 17.1000 17.0950 17.0950 17.1000 17.0950 17.0900 17.0950
284.0000 2.0000 53.4700 15.8150 6.0400E-6 0.0050 0.0063 0.0063 0.0056 0.0044 0.0020 NaN -0.0025 0.0569 0.0044 0.0384 -0.0134 17.0600 17.0700 17.0750 17.0800 17.0850 17.0850 17.0800 17.0850 17.0900 17.0900 17.0800 17.0900 17.0900 17.0900 17.0900 17.0900 17.0900 17.0900 17.1000 17.0950 17.0950 17.0900 17.0950 17.0900 17.0900 17.0900 17.0900 17.0900 17.0900 17.0900 17.0900 17.0950 17.0900 17.0900 17.0900 17.0900 17.0900 17.0900 17.0900 17.0900 17.0900 17.0900 17.0950 17.0900 17.0900 17.1000 17.0900 17.0900 17.0900 17.0950 17.0900 17.0950 17.0950 17.0950 17.0850 17.0900 17.0950 17.0950 17.0900 17.0900 17.0900 17.0950 17.0900 17.0900
283.0000 1.0000 53.3300 15.8070 6.2100E-6 0.0000 0.0025 0.0063 0.0056 0.0056 0.0027 NaN -0.0600 -0.0312 0.0269 -0.0253 -0.0216 17.0600 17.0600 17.0600 17.0700 17.0700 17.0700 17.0800 17.0800 17.0800 17.0800 17.0800 17.0800 17.0800 17.0800 17.0800 17.0800 17.0800 17.0800 17.0800 17.0800 17.0800 17.0800 17.0900 17.0900 17.0900 17.0800 17.0900 17.0900 17.0900 17.0900 17.0900 17.0900 17.0900 17.0900 17.0800 17.0800 17.0900 17.0800 17.0800 17.0900 17.0800 17.0800 17.0800 17.0900 17.0800 17.0900 17.0800 17.0900 17.0900 17.0900 17.0900 17.0900 17.0800 17.0900 17.0800 17.0800 17.0900 17.0800 17.0900 17.0900 17.0900 17.0800 17.0900 17.0800
282.0000 2.0000 53.2100 15.8070 6.2300E-6 0.0050 0.0063 0.0044 0.0050 0.0041 0.0024 NaN -0.0025 0.0119 0.0203 0.0162 0.0055 17.0500 17.0600 17.0650 17.0700 17.0700 17.0700 17.0700 17.0700 17.0700 17.0750 17.0800 17.0750 17.0750 17.0700 17.0800 17.0800 17.0750 17.0800 17.0800 17.0750 17.0800 17.0800 17.0800 17.0800 17.0800 17.0800 17.0750 17.0750 17.0800 17.0800 17.0800 17.0800 17.0800 17.0800 17.0800 17.0800 17.0850 17.0800 17.0800 17.0800 17.0800 17.0750 17.0800 17.0800 17.0800 17.0750 17.0800 17.0800 17.0800 17.0800 17.0800 17.0750 17.0800 17.0800 17.0800 17.0800 17.0800 17.0800 17.0750 17.0850 17.0800 17.0750 17.0800 17.0800
281.0000 2.0000 53.0600 15.8070 6.3500E-6 0.0000 0.0025 0.0031 0.0041 0.0036 0.0016 NaN -0.0600 -0.0463 -0.0166 0.0167 0.0020 17.0550 17.0550 17.0550 17.0650 17.0600 17.0600 17.0650 17.0700 17.0650 17.0600 17.0700 17.0700 17.0700 17.0700 17.0750 17.0700 17.0650 17.0700 17.0750 17.0750 17.0700 17.0750 17.0700 17.0750 17.0700 17.0750 17.0750 17.0700 17.0700 17.0700 17.0700 17.0750 17.0700 17.0700 17.0700 17.0750 17.0750 17.0800 17.0700 17.0700 17.0750 17.0700 17.0700 17.0700 17.0700 17.0750 17.0700 17.0700 17.0700 17.0750 17.0700 17.0700 17.0700 17.0800 17.0700 17.0700 17.0700 17.0750 17.0750 17.0700 17.0700 17.0700 17.0650 17.0700
280.0000 2.0000 52.9000 15.7960 6.4000E-6 0.0000 0.0063 0.0044 0.0034 0.0022 0.0021 NaN 0.0300 0.0119 0.0128 -0.0242 0.0027 17.0450 17.0450 17.0550 17.0600 17.0600 17.0600 17.0600 17.0600 17.0600 17.0600 17.0650 17.0650 17.0650 17.0650 17.0550 17.0650 17.0650 17.0600 17.0600 17.0600 17.0650 17.0600 17.0650 17.0600 17.0650 17.0650 17.0700 17.0600 17.0700 17.0650 17.0600 17.0650 17.0650 17.0650 17.0650 17.0700 17.0650 17.0600 17.0600 17.0700 17.0650 17.0600 17.0700 17.0650 17.0650 17.0600 17.0700 17.0650 17.0650 17.0600 17.0700 17.0700 17.0650 17.0650 17.0650 17.0650 17.0650 17.0700 17.0700 17.0700 17.0650 17.0650 17.0650 17.0600
279.0000 2.0000 52.7400 15.7850 6.3600E-6 0.0025 0.0050 0.0056 0.0016 0.0016 0.0016 NaN -0.0012 0.0125 -0.0403 0.0255 0.0011 17.0400 17.0450 17.0500 17.0550 17.0600 17.0550 17.0600 17.0600 17.0550 17.0600 17.0550 17.0500 17.0550 17.0600 17.0600 17.0550 17.0550 17.0600 17.0600 17.0600 17.0550 17.0600 17.0600 17.0600 17.0600 17.0600 17.0550 17.0550 17.0500 17.0550 17.0600 17.0600 17.0600 17.0600 17.0600 17.0550 17.0600 17.0600 17.0550 17.0550 17.0600 17.0650 17.0600 17.0600 17.0650 17.0550 17.0550 17.0600 17.0600 17.0600 17.0600 17.0600 17.0600 17.0600 17.0600 17.0600 17.0600 17.0600 17.0600 17.0600 17.0600 17.0600 17.0600 17.0600
278.0000 1.0000 52.5900 15.7760 6.1700E-6 0.0050 0.0075 0.0063 0.0063 0.0034 0.0008 NaN 0.0575 -0.0637 0.0119 -0.0106 -0.0355 17.0200 17.0300 17.0400 17.0400 17.0400 17.0400 17.0500 17.0500 17.0500 17.0500 17.0500 17.0500 17.0500 17.0500 17.0600 17.0500 17.0500 17.0500 17.0500 17.0600 17.0500 17.0500 17.0500 17.0500 17.0500 17.0500 17.0500 17.0500 17.0500 17.0500 17.0600 17.0600 17.0500 17.0500 17.0500 17.0500 17.0500 17.0500 17.0500 17.0400 17.0500 17.0500 17.0400 17.0500 17.0500 17.0500 17.0500 17.0500 17.0500 17.0500 17.0500 17.0500 17.0500 17.0500 17.0500 17.0500 17.0500 17.0500 17.0500 17.0600 17.0500 17.0500 17.0600 17.0500
277.0000 2.0000 52.4700 15.7650 6.0800E-6 0.0025 0.0037 0.0050 0.0041 0.0022 0.0013 NaN -0.0613 0.0131 0.0275 0.0055 -0.0123 17.0250 17.0300 17.0300 17.0400 17.0400 17.0400 17.0400 17.0450 17.0450 17.0450 17.0450 17.0450 17.0450 17.0450 17.0400 17.0450 17.0450 17.0400 17.0500 17.0450 17.0450 17.0400 17.0500 17.0450 17.0400 17.0450 17.0450 17.0450 17.0450 17.0450 17.0500 17.0400 17.0350 17.0400 17.0500 17.0450 17.0450 17.0400 17.0450 17.0450 17.0500 17.0450 17.0450 17.0450 17.0450 17.0450 17.0450 17.0450 17.0400 17.0500 17.0450 17.0500 17.0500 17.0450 17.0450 17.0500 17.0450 17.0450 17.0450 17.0450 17.0450 17.0450 17.0450 17.0450
276.0000 2.0000 52.3100 15.7580 6.0400E-6 0.0050 0.0063 0.0050 0.0047 0.0020 0.0005 NaN -0.0025 0.0419 -0.0100 -0.0061 -0.0123 17.0150 17.0250 17.0300 17.0350 17.0350 17.0400 17.0300 17.0400 17.0350 17.0400 17.0400 17.0400 17.0400 17.0450 17.0450 17.0400 17.0400 17.0450 17.0400 17.0400 17.0400 17.0350 17.0400 17.0400 17.0400 17.0400 17.0350 17.0400 17.0400 17.0450 17.0400 17.0400 17.0350 17.0450 17.0400 17.0400 17.0400 17.0400 17.0400 17.0400 17.0350 17.0350 17.0350 17.0400 17.0400 17.0400 17.0350 17.0400 17.0400 17.0400 17.0400 17.0400 17.0350 17.0450 17.0350 17.0400 17.0400 17.0400 17.0400 17.0400 17.0400 17.0350 17.0400 17.0400
275.0000 2.0000 52.1600 15.7500 5.8800E-6 0.0025 0.0037 0.0063 0.0041 0.0030 0.0012 NaN 0.0288 0.0281 -0.0031 0.0205 -0.0015 17.0100 17.0150 17.0200 17.0200 17.0250 17.0300 17.0300 17.0300 17.0300 17.0250 17.0350 17.0300 17.0300 17.0300 17.0300 17.0350 17.0300 17.0350 17.0350 17.0350 17.0350 17.0300 17.0300 17.0350 17.0300 17.0350 17.0300 17.0350 17.0300 17.0300 17.0300 17.0350 17.0350 17.0300 17.0300 17.0300 17.0300 17.0350 17.0300 17.0300 17.0350 17.0300 17.0350 17.0300 17.0350 17.0350 17.0350 17.0300 17.0350 17.0300 17.0350 17.0300 17.0300 17.0300 17.0300 17.0300 17.0350 17.0300 17.0300 17.0300 17.0350 17.0350 17.0300 17.0350
274.0000 2.0000 52.0000 15.7430 5.8200E-6 -0.0025 0.0025 0.0050 0.0037 0.0031 0.0022 NaN 0.0012 0.0437 -0.0100 0.0244 0.0116 17.0100 17.0050 17.0100 17.0150 17.0200 17.0200 17.0200 17.0200 17.0200 17.0200 17.0200 17.0250 17.0250 17.0200 17.0250 17.0250 17.0200 17.0250 17.0250 17.0300 17.0300 17.0300 17.0250 17.0200 17.0300 17.0200 17.0200 17.0250 17.0200 17.0250 17.0250 17.0300 17.0250 17.0300 17.0250 17.0250 17.0300 17.0300 17.0250 17.0300 17.0250 17.0200 17.0300 17.0250 17.0250 17.0250 17.0300 17.0250 17.0250 17.0200 17.0250 17.0250 17.0250 17.0300 17.0250 17.0250 17.0200 17.0250 17.0300 17.0300 17.0250 17.0250 17.0300 17.0300
273.0000 2.0000 51.8600 15.7380 5.7600E-6 0.0025 0.0037 0.0037 0.0028 0.0025 0.0018 NaN 0.0288 -0.0469 -0.0244 -0.0052 -0.0088 17.0000 17.0050 17.0100 17.0100 17.0100 17.0100 17.0150 17.0200 17.0150 17.0100 17.0150 17.0150 17.0150 17.0150 17.0200 17.0200 17.0200 17.0100 17.0200 17.0150 17.0150 17.0200 17.0200 17.0150 17.0150 17.0200 17.0150 17.0200 17.0150 17.0250 17.0200 17.0200 17.0200 17.0150 17.0200 17.0200 17.0150 17.0200 17.0200 17.0150 17.0200 17.0150 17.0150 17.0200 17.0200 17.0150 17.0150 17.0250 17.0200 17.0200 17.0150 17.0150 17.0200 17.0200 17.0200 17.0200 17.0200 17.0200 17.0200 17.0150 17.0250 17.0250 17.0200 17.0200
272.0000 2.0000 51.7100 15.7310 5.7100E-6 -0.0025 0.0012 0.0025 0.0037 0.0019 0.0016 NaN -0.0587 -0.0006 0.0288 -0.0131 0.0234 17.0000 16.9950 16.9950 17.0050 17.0000 17.0050 17.0050 17.0050 17.0100 17.0050 17.0100 17.0100 17.0100 17.0050 17.0100 17.0100 17.0050 17.0100 17.0050 17.0100 17.0100 17.0100 17.0100 17.0050 17.0100 17.0100 17.0100 17.0100 17.0100 17.0100 17.0100 17.0050 17.0100 17.0150 17.0100 17.0100 17.0100 17.0150 17.0100 17.0150 17.0100 17.0100 17.0050 17.0150 17.0100 17.0100 17.0100 17.0100 17.0100 17.0100 17.0150 17.0100 17.0050 17.0050 17.0100 17.0050 17.0100 17.0100 17.0100 17.0100 17.0100 17.0100 17.0050 17.0100
271.0000 2.0000 51.5600 15.7220 5.6800E-6 0.0000 0.0025 0.0025 0.0028 0.0030 0.0017 NaN 0.0300 -0.0312 0.0063 0.0173 0.0154 16.9900 16.9900 16.9950 16.9950 16.9900 17.0000 17.0000 17.0000 17.0000 17.0000 17.0000 17.0000 17.0000 17.0000 17.0000 17.0050 17.0050 17.0000 17.0000 17.0000 17.0100 17.0050 17.0050 17.0050 17.0050 17.0050 17.0000 17.0050 17.0000 17.0000 17.0100 17.0050 17.0050 17.0050 17.0050 17.0050 17.0050 17.0100 17.0100 17.0050 17.0000 17.0050 17.0100 17.0000 17.0050 17.0000 17.0100 17.0000 17.0050 17.0000 17.0000 17.0050 17.0100 17.0000 17.0000 17.0000 17.0000 17.0050 17.0000 17.0100 17.0100 17.0050 17.0050 17.0000
270.0000 3.0000 51.4400 15.7180 5.6400E-6 0.0017 0.0008 0.0004 0.0033 0.0022 0.0018 NaN -0.0008 -0.0004 0.0148 -0.0067 0.0089 16.9867 16.9900 16.9900 16.9900 16.9900 16.9900 16.9900 16.9900 16.9967 16.9933 16.9967 16.9933 17.0000 17.0000 16.9933 16.9967 17.0000 16.9967 16.9900 17.0000 16.9933 17.0000 16.9967 16.9967 16.9967 16.9933 17.0000 16.9967 16.9967 17.0000 16.9967 17.0033 16.9967 17.0000 16.9967 17.0000 17.0033 16.9967 17.0000 16.9967 17.0000 16.9967 17.0000 16.9967 16.9967 17.0000 17.0000 17.0000 16.9967 16.9967 16.9933 17.0000 17.0000 17.0000 16.9967 17.0000 17.0000 17.0000 16.9967 17.0000 17.0000 17.0000 17.0000 16.9967
269.0000 2.0000 51.2700 15.7120 5.6900E-6 0.0000 0.0000 0.0006 0.0034 0.0027 0.0017 NaN 7.1054E-15 -0.0150 0.0372 -0.0017 0.0005 16.9800 16.9800 16.9800 16.9800 16.9800 16.9800 16.9800 16.9850 16.9900 16.9850 16.9900 16.9850 16.9900 16.9850 16.9900 16.9850 16.9900 16.9850 16.9900 16.9900 16.9900 16.9900 16.9900 16.9850 16.9900 16.9900 16.9900 16.9900 16.9900 16.9900 16.9900 16.9900 16.9900 16.9900 16.9900 16.9900 16.9850 16.9900 16.9900 16.9900 16.9900 16.9900 16.9950 16.9900 16.9900 16.9900 16.9900 16.9900 16.9900 16.9900 16.9900 16.9900 16.9900 16.9900 16.9900 16.9900 16.9900 16.9900 16.9950 16.9900 16.9900 16.9900 16.9900 16.9900
268.0000 2.0000 51.1200 15.7050 5.6400E-6 0.0000 0.0000 0.0019 0.0016 0.0019 0.0007 NaN 7.1054E-15 0.0000 0.0066 0.0180 -0.0178 16.9650 16.9650 16.9650 16.9650 16.9650 16.9700 16.9700 16.9700 16.9700 16.9700 16.9700 16.9700 16.9700 16.9700 16.9700 16.9700 16.9700 16.9700 16.9750 16.9750 16.9700 16.9750 16.9700 16.9750 16.9700 16.9700 16.9700 16.9750 16.9700 16.9750 16.9700 16.9750 16.9700 16.9750 16.9750 16.9700 16.9700 16.9700 16.9700 16.9700 16.9700 16.9650 16.9700 16.9700 16.9750 16.9700 16.9700 16.9750 16.9700 16.9700 16.9700 16.9700 16.9700 16.9800 16.9700 16.9750 16.9700 16.9700 16.9750 16.9750 16.9750 16.9750 16.9700 16.9750
267.0000 3.0000 50.9700 15.6940 5.9000E-6 0.0000 -0.0008 0.0012 0.0017 0.0021 0.0023 NaN -0.0400 0.0504 -0.0106 -0.0083 0.0102 16.9600 16.9600 16.9567 16.9600 16.9633 16.9633 16.9600 16.9600 16.9633 16.9633 16.9600 16.9633 16.9633 16.9633 16.9667 16.9667 16.9633 16.9600 16.9633 16.9633 16.9633 16.9667 16.9700 16.9700 16.9667 16.9667 16.9633 16.9700 16.9667 16.9667 16.9700 16.9700 16.9667 16.9700 16.9667 16.9667 16.9700 16.9700 16.9667 16.9667 16.9700 16.9700 16.9633 16.9700 16.9700 16.9700 16.9700 16.9700 16.9667 16.9700 16.9700 16.9700 16.9700 16.9700 16.9700 16.9700 16.9667 16.9700 16.9667 16.9700 16.9633 16.9700 16.9700 16.9700
266.0000 2.0000 50.8100 15.6890 5.8500E-6 0.0000 -0.0012 0.0025 0.0009 0.0020 0.0018 NaN 0.0300 0.0606 -0.0162 0.0070 -0.0029 16.9600 16.9600 16.9600 16.9550 16.9650 16.9650 16.9650 16.9600 16.9650 16.9600 16.9600 16.9650 16.9650 16.9650 16.9600 16.9650 16.9600 16.9600 16.9650 16.9700 16.9700 16.9650 16.9700 16.9650 16.9650 16.9650 16.9600 16.9700 16.9700 16.9700 16.9650 16.9700 16.9650 16.9700 16.9700 16.9650 16.9650 16.9650 16.9700 16.9650 16.9650 16.9700 16.9700 16.9650 16.9700 16.9650 16.9700 16.9650 16.9650 16.9700 16.9700 16.9700 16.9700 16.9650 16.9650 16.9700 16.9650 16.9700 16.9750 16.9650 16.9700 16.9700 16.9650 16.9700
265.0000 3.0000 50.6800 15.6870 5.7600E-6 0.0000 -0.0017 0.0012 0.0002 0.0011 0.0016 NaN -0.0800 0.0408 -0.0056 0.0199 -0.0031 16.9600 16.9600 16.9533 16.9600 16.9633 16.9600 16.9600 16.9600 16.9600 16.9600 16.9600 16.9600 16.9567 16.9600 16.9600 16.9633 16.9600 16.9633 16.9633 16.9600 16.9667 16.9633 16.9633 16.9600 16.9600 16.9600 16.9633 16.9633 16.9633 16.9600 16.9633 16.9600 16.9633 16.9600 16.9600 16.9633 16.9633 16.9600 16.9633 16.9600 16.9633 16.9667 16.9633 16.9667 16.9633 16.9700 16.9633 16.9633 16.9667 16.9633 16.9667 16.9633 16.9633 16.9700 16.9633 16.9667 16.9600 16.9600 16.9633 16.9633 16.9700 16.9667 16.9667 16.9667
264.0000 2.0000 50.5300 15.6820 5.6300E-6 -0.0025 -8.8818E-16 -0.0006 0.0003 0.0025 0.0010 NaN -0.0288 0.0150 -0.0147 0.0336 -0.0181 16.9550 16.9500 16.9500 16.9550 16.9500 16.9550 16.9500 16.9500 16.9500 16.9500 16.9550 16.9500 16.9550 16.9500 16.9600 16.9500 16.9500 16.9600 16.9600 16.9500 16.9600 16.9600 16.9600 16.9600 16.9550 16.9600 16.9600 16.9600 16.9500 16.9600 16.9550 16.9550 16.9550 16.9500 16.9550 16.9550 16.9500 16.9500 16.9600 16.9600 16.9600 16.9550 16.9600 16.9550 16.9550 16.9550 16.9600 16.9600 16.9600 16.9550 16.9550 16.9550 16.9600 16.9550 16.9600 16.9600 16.9600 16.9600 16.9600 16.9600 16.9550 16.9550 16.9500 16.9600
263.0000 3.0000 50.4000 15.6770 5.6300E-6 -0.0017 0.0008 0.0017 0.0008 0.0007 0.0006 NaN 0.0208 -0.0004 -0.0008 -0.0004 0.0096 16.9467 16.9433 16.9467 16.9467 16.9467 16.9500 16.9500 16.9500 16.9500 16.9467 16.9500 16.9500 16.9467 16.9500 16.9500 16.9500 16.9500 16.9467 16.9500 16.9500 16.9500 16.9500 16.9500 16.9500 16.9533 16.9533 16.9500 16.9467 16.9500 16.9500 16.9500 16.9467 16.9500 16.9500 16.9500 16.9533 16.9500 16.9500 16.9500 16.9533 16.9500 16.9500 16.9533 16.9500 16.9500 16.9500 16.9500 16.9500 16.9500 16.9500 16.9500 16.9467 16.9500 16.9500 16.9500 16.9500 16.9533 16.9500 16.9500 16.9500 16.9467 16.9500 16.9500 16.9500
262.0000 2.0000 50.2500 15.6730 5.6800E-6 0.0000 -0.0012 0.0006 0.0000 0.0006 0.0008 NaN -0.0600 0.0156 0.0072 0.0075 -0.0003 16.9400 16.9400 16.9350 16.9400 16.9400 16.9400 16.9400 16.9400 16.9400 16.9400 16.9400 16.9400 16.9400 16.9400 16.9400 16.9350 16.9400 16.9400 16.9450 16.9350 16.9400 16.9450 16.9400 16.9400 16.9400 16.9400 16.9400 16.9400 16.9400 16.9500 16.9350 16.9400 16.9400 16.9400 16.9400 16.9400 16.9400 16.9450 16.9450 16.9450 16.9400 16.9350 16.9400 16.9400 16.9400 16.9450 16.9400 16.9450 16.9400 16.9450 16.9450 16.9400 16.9400 16.9400 16.9400 16.9500 16.9400 16.9450 16.9400 16.9400 16.9450 16.9400 16.9400 16.9400
261.0000 3.0000 50.1300 15.6680 5.5900E-6 0.0050 0.0008 -0.0004 0.0012 0.0006 0.0006 NaN 0.0375 0.0196 -0.0198 -0.0381 0.0009 16.9267 16.9367 16.9367 16.9300 16.9333 16.9333 16.9300 16.9300 16.9333 16.9333 16.9300 16.9333 16.9367 16.9400 16.9333 16.9367 16.9333 16.9333 16.9333 16.9300 16.9300 16.9300 16.9367 16.9333 16.9333 16.9400 16.9400 16.9333 16.9367 16.9400 16.9367 16.9333 16.9367 16.9367 16.9367 16.9300 16.9333 16.9300 16.9333 16.9367 16.9333 16.9400 16.9333 16.9367 16.9367 16.9367 16.9333 16.9367 16.9300 16.9333 16.9333 16.9400 16.9400 16.9333 16.9367 16.9367 16.9367 16.9367 16.9333 16.9400 16.9367 16.9333 16.9300 16.9333
260.0000 3.0000 49.9800 15.6630 5.5800E-6 0.0017 0.0008 0.0021 0.0010 0.0012 0.0007 NaN -0.0008 0.0496 0.0290 0.0120 -0.0181 16.9200 16.9233 16.9233 16.9233 16.9267 16.9300 16.9233 16.9267 16.9267 16.9267 16.9300 16.9300 16.9267 16.9233 16.9233 16.9267 16.9267 16.9267 16.9233 16.9300 16.9300 16.9300 16.9300 16.9300 16.9267 16.9267 16.9267 16.9267 16.9300 16.9267 16.9300 16.9300 16.9300 16.9267 16.9267 16.9267 16.9267 16.9267 16.9300 16.9267 16.9267 16.9300 16.9267 16.9267 16.9267 16.9300 16.9267 16.9233 16.9300 16.9267 16.9300 16.9300 16.9300 16.9300 16.9300 16.9300 16.9267 16.9300 16.9300 16.9300 16.9300 16.9300 16.9267 16.9300
259.0000 2.0000 49.8400 15.6560 5.6200E-6 0.0025 0.0012 0.0012 -0.0034 -0.3183 -0.0945 NaN -0.0012 0.0294 0.0519 3.0880 6.4198 16.8950 16.9000 16.9000 16.9000 16.9000 16.9050 16.9000 16.9000 16.9000 16.9000 16.9000 16.8950 16.8950 16.8900 16.8850 16.8800 16.8750 16.8600 16.8500 16.8200 16.7900 16.6900 16.5250 15.7300 14.1600 11.5500 16.8850 16.8850 16.8850 16.8850 16.8850 16.8850 16.8850 16.8850 16.8850 16.8800 16.8800 16.8750 16.8800 16.8800 16.8700 16.8750 16.8650 16.8600 16.8350 16.7100 16.3450 14.6950 12.4300 16.7650 16.7550 16.7300 16.7150 16.7150 16.6950 16.6150 16.5750 16.1600 15.8150 12.3200 16.7850 16.7650 16.7650 16.7500
258.0000 3.0000 49.7100 15.6490 5.7400E-6 0.0017 0.0025 0.0021 0.0008 0.0002 -0.0133 NaN 0.0192 0.0088 0.0040 -0.0029 0.1911 16.8967 16.9000 16.9033 16.9033 16.9033 16.9067 16.9067 16.9033 16.9033 16.9067 16.9033 16.9067 16.9033 16.9067 16.9033 16.9033 16.9067 16.9033 16.9100 16.9033 16.9033 16.9033 16.9000 16.9033 16.9067 16.9067 16.9033 16.9000 16.9067 16.9067 16.9033 16.9000 16.9000 16.9033 16.9000 16.9033 16.9000 16.8967 16.8967 16.8967 16.8967 16.8967 16.8967 16.8967 16.8967 16.8900 16.8900 16.8900 16.8833 16.8900 16.8800 16.8833 16.8733 16.8700 16.8633 16.8600 16.8567 16.8567 16.8500 16.8433 16.8367 16.8333 16.8233 16.8200
257.0000 3.0000 49.5700 15.6450 5.6200E-6 0.0000 0.0008 0.0017 0.0017 0.0006 0.0009 NaN 0.0400 -0.0004 0.0392 0.0042 0.0159 16.8967 16.8967 16.9000 16.8967 16.9000 16.9000 16.9000 16.9033 16.9067 16.9033 16.9033 16.9033 16.9000 16.9033 16.9000 16.9000 16.9000 16.9067 16.9033 16.9000 16.9000 16.9000 16.9067 16.9033 16.9000 16.9033 16.9033 16.9000 16.9033 16.9000 16.9000 16.9033 16.9033 16.9033 16.9033 16.9033 16.9067 16.9067 16.9033 16.9033 16.9067 16.9000 16.9000 16.9033 16.9067 16.9033 16.9033 16.9033 16.9000 16.9100 16.9000 16.9033 16.9000 16.9033 16.9033 16.9033 16.9000 16.9033 16.9067 16.9033 16.9000 16.9000 16.9033 16.9033
256.0000 3.0000 49.4400 15.6370 5.6500E-6 -0.0017 0.0000 -0.0021 -0.0256 -0.0339 -0.0092 NaN -0.0192 -0.0100 0.2760 -0.2397 0.0107 16.7633 16.7600 16.7600 16.7633 16.7600 16.7567 16.7567 16.7567 16.7533 16.7467 16.7367 16.7233 16.7033 16.6667 16.6667 16.6700 16.6700 16.6700 16.6633 16.6600 16.6667 16.6667 16.6667 16.6667 16.6633 16.6667 16.6667 16.6667 16.6700 16.6667 16.6600 16.6700 16.6667 16.6633 16.6633 16.6633 16.6667 16.6767 16.6800 16.6833 16.6800 16.6867 16.6833 16.6833 16.6833 16.6800 16.6767 16.6833 16.6800 16.6800 16.6767 16.6800 16.6767 16.6833 16.6933 16.6867 16.6933 16.6933 16.6867 16.6933 16.6933 16.6933 16.6933 16.6933
255.0000 3.0000 49.2900 15.6240 5.8600E-6 -0.0017 -0.0008 0.0021 0.0023 0.0011 0.0010 NaN 0.0008 0.0004 0.0140 0.0064 0.0082 16.8867 16.8833 16.8833 16.8833 16.8833 16.8900 16.8900 16.8900 16.8900 16.8900 16.8933 16.8900 16.8933 16.8900 16.8900 16.8900 16.8900 16.8933 16.8900 16.8900 16.8900 16.8900 16.8933 16.8933 16.8933 16.8900 16.8867 16.8900 16.8900 16.8900 16.8933 16.8900 16.8933 16.8900 16.8933 16.8933 16.8900 16.8933 16.8900 16.8933 16.8900 16.8900 16.8933 16.8967 16.8900 16.8933 16.8900 16.8900 16.8900 16.8900 16.8900 16.8967 16.8900 16.8900 16.8933 16.8933 16.8900 16.8900 16.8967 16.8900 16.8900 16.8900 16.8933 16.8900
254.0000 3.0000 49.1900 15.6260 5.3000E-6 0.0000 0.0017 0.0012 0.0010 0.0009 0.0009 NaN 0.0200 -0.0108 0.0044 0.0045 0.0220 16.8767 16.8767 16.8800 16.8800 16.8800 16.8800 16.8800 16.8833 16.8867 16.8800 16.8800 16.8800 16.8833 16.8833 16.8800 16.8800 16.8833 16.8833 16.8833 16.8800 16.8800 16.8833 16.8867 16.8800 16.8833 16.8833 16.8833 16.8867 16.8833 16.8800 16.8800 16.8800 16.8867 16.8867 16.8867 16.8867 16.8800 16.8800 16.8867 16.8900 16.8833 16.8833 16.8833 16.8833 16.8867 16.8800 16.8833 16.8833 16.8833 16.8833 16.8800 16.8800 16.8833 16.8833 16.8800 16.8833 16.8833 16.8867 16.8833 16.8867 16.8833 16.8767 16.8833 16.8800
253.0000 3.0000 49.0600 15.6180 5.1700E-6 0.0000 0.0033 4.4409E-16 0.0012 0.0009 -0.0118 NaN 0.1000 0.0083 0.0150 -0.0006 0.2083 16.8667 16.8667 16.8767 16.8700 16.8733 16.8700 16.8700 16.8667 16.8733 16.8733 16.8733 16.8700 16.8700 16.8700 16.8767 16.8733 16.8733 16.8700 16.8767 16.8733 16.8700 16.8767 16.8700 16.8733 16.8733 16.8733 16.8700 16.8767 16.8767 16.8700 16.8733 16.8733 16.8733 16.8767 16.8700 16.8733 16.8700 16.8700 16.8700 16.8667 16.8667 16.8667 16.8667 16.8633 16.8667 16.8633 16.8667 16.8633 16.8633 16.8633 16.8567 16.8467 16.8533 16.8500 16.8500 16.8467 16.8433 16.8400 16.8400 16.8300 16.8233 16.7967 16.7700 16.6867
252.0000 3.0000 48.9300 15.6070 5.2700E-6 0.0033 -0.0017 0.0017 0.0017 0.0015 0.0007 NaN -0.1017 0.0008 -0.0058 -0.0083 0.0080 16.8633 16.8700 16.8600 16.8667 16.8633 16.8700 16.8733 16.8667 16.8667 16.8700 16.8700 16.8700 16.8700 16.8700 16.8700 16.8733 16.8700 16.8700 16.8700 16.8700 16.8700 16.8733 16.8700 16.8700 16.8700 16.8700 16.8767 16.8733 16.8700 16.8733 16.8700 16.8733 16.8700 16.8767 16.8700 16.8700 16.8700 16.8700 16.8700 16.8733 16.8767 16.8767 16.8700 16.8700 16.8733 16.8700 16.8700 16.8700 16.8733 16.8700 16.8700 16.8700 16.8733 16.8700 16.8700 16.8733 16.8700 16.8700 16.8700 16.8700 16.8700 16.8700 16.8667 16.8733
251.0000 3.0000 48.8000 15.6030 5.0200E-6 0.0000 0.0000 0.0004 0.0010 0.0010 0.0017 NaN 0.0000 -0.0100 0.0098 -0.0055 0.0207 16.8600 16.8600 16.8600 16.8600 16.8600 16.8600 16.8633 16.8600 16.8633 16.8600 16.8667 16.8600 16.8633 16.8600 16.8667 16.8600 16.8600 16.8600 16.8600 16.8633 16.8667 16.8600 16.8667 16.8667 16.8633 16.8600 16.8633 16.8633 16.8667 16.8667 16.8633 16.8667 16.8633 16.8700 16.8667 16.8667 16.8667 16.8667 16.8633 16.8667 16.8700 16.8600 16.8633 16.8700 16.8667 16.8633 16.8667 16.8700 16.8633 16.8633 16.8633 16.8667 16.8700 16.8667 16.8633 16.8633 16.8667 16.8667 16.8700 16.8633 16.8667 16.8667 16.8633 16.8633
250.0000 3.0000 48.6800 15.5970 4.9300E-6 0.0000 0.0000 0.0012 0.0010 0.0010 0.0010 NaN 0.0000 2.4869E-14 -0.0106 0.0020 0.0057 16.8533 16.8533 16.8533 16.8533 16.8500 16.8600 16.8567 16.8567 16.8533 16.8567 16.8533 16.8600 16.8600 16.8533 16.8567 16.8600 16.8533 16.8567 16.8600 16.8567 16.8600 16.8533 16.8600 16.8600 16.8600 16.8567 16.8567 16.8600 16.8567 16.8600 16.8533 16.8600 16.8600 16.8567 16.8600 16.8567 16.8600 16.8600 16.8567 16.8600 16.8567 16.8600 16.8567 16.8600 16.8567 16.8633 16.8600 16.8567 16.8567 16.8600 16.8567 16.8600 16.8600 16.8567 16.8567 16.8567 16.8600 16.8600 16.8600 16.8600 16.8600 16.8567 16.8600 16.8600
249.0000 3.0000 48.5600 15.5910 4.8600E-6 0.0017 0.0025 0.0012 0.0000 0.0006 0.0007 NaN 0.0192 -0.0012 -0.0306 0.0150 0.0097 16.8433 16.8467 16.8500 16.8500 16.8500 16.8500 16.8500 16.8500 16.8500 16.8467 16.8467 16.8467 16.8500 16.8500 16.8500 16.8500 16.8500 16.8500 16.8500 16.8500 16.8500 16.8500 16.8500 16.8533 16.8500 16.8500 16.8533 16.8500 16.8500 16.8467 16.8467 16.8500 16.8500 16.8500 16.8533 16.8533 16.8500 16.8533 16.8500 16.8500 16.8500 16.8500 16.8567 16.8500 16.8500 16.8500 16.8500 16.8500 16.8500 16.8500 16.8467 16.8500 16.8533 16.8500 16.8500 16.8500 16.8500 16.8500 16.8500 16.8500 16.8533 16.8533 16.8500 16.8500
248.0000 3.0000 48.4400 15.5830 4.7600E-6 0.0017 -8.8818E-16 0.0004 -0.0002 0.0006 0.0007 NaN -0.0408 -0.0100 -0.0202 0.0126 0.0172 16.8400 16.8433 16.8400 16.8433 16.8433 16.8400 16.8467 16.8400 16.8400 16.8400 16.8400 16.8433 16.8433 16.8433 16.8433 16.8400 16.8467 16.8400 16.8433 16.8433 16.8400 16.8467 16.8433 16.8433 16.8433 16.8433 16.8467 16.8400 16.8467 16.8400 16.8433 16.8400 16.8433 16.8433 16.8433 16.8467 16.8433 16.8467 16.8467 16.8467 16.8433 16.8467 16.8467 16.8433 16.8433 16.8467 16.8433 16.8400 16.8400 16.8433 16.8400 16.8467 16.8433 16.8433 16.8433 16.8433 16.8400 16.8467 16.8400 16.8433 16.8467 16.8433 16.8433 16.8433
247.0000 3.0000 48.3100 15.5770 4.7100E-6 0.0033 0.0008 0.0017 0.0004 0.0001 0.0007 NaN -0.0417 0.0296 -0.0208 -0.0277 0.0174 16.8300 16.8367 16.8333 16.8367 16.8400 16.8367 16.8367 16.8367 16.8333 16.8400 16.8367 16.8333 16.8400 16.8367 16.8400 16.8333 16.8333 16.8300 16.8333 16.8333 16.8367 16.8400 16.8400 16.8333 16.8400 16.8367 16.8367 16.8367 16.8367 16.8367 16.8400 16.8400 16.8400 16.8400 16.8400 16.8400 16.8367 16.8333 16.8433 16.8333 16.8367 16.8400 16.8400 16.8367 16.8400 16.8367 16.8367 16.8400 16.8400 16.8400 16.8333 16.8367 16.8367 16.8367 16.8367 16.8400 16.8367 16.8400 16.8333 16.8400 16.8333 16.8367 16.8400 16.8367
246.0000 3.0000 48.2000 15.5700 4.6500E-6 0.0033 0.0025 0.0021 0.0006 0.0009 0.0006 NaN 0.0383 0.0088 -0.0060 0.0072 0.0070 16.8200 16.8267 16.8300 16.8267 16.8300 16.8300 16.8300 16.8300 16.8300 16.8300 16.8267 16.8300 16.8267 16.8300 16.8300 16.8300 16.8300 16.8267 16.8300 16.8333 16.8300 16.8333 16.8300 16.8300 16.8300 16.8300 16.8267 16.8300 16.8367 16.8300 16.8300 16.8300 16.8333 16.8300 16.8300 16.8300 16.8300 16.8300 16.8333 16.8300 16.8300 16.8333 16.8300 16.8300 16.8300 16.8300 16.8333 16.8333 16.8333 16.8300 16.8300 16.8300 16.8300 16.8300 16.8300 16.8300 16.8300 16.8300 16.8300 16.8333 16.8300 16.8333 16.8267 16.8300
245.0000 3.0000 48.0800 15.5650 4.6000E-6 -0.0017 0.0017 0.0000 0.0008 0.0015 0.0008 NaN 0.0008 -0.0108 0.0100 0.0046 -0.0170 16.8200 16.8167 16.8200 16.8233 16.8200 16.8200 16.8200 16.8200 16.8200 16.8233 16.8200 16.8233 16.8233 16.8200 16.8233 16.8200 16.8233 16.8200 16.8233 16.8200 16.8233 16.8267 16.8267 16.8233 16.8233 16.8233 16.8233 16.8300 16.8267 16.8200 16.8267 16.8200 16.8200 16.8233 16.8200 16.8267 16.8200 16.8233 16.8233 16.8200 16.8233 16.8233 16.8267 16.8200 16.8267 16.8233 16.8200 16.8267 16.8267 16.8200 16.8200 16.8267 16.8300 16.8233 16.8267 16.8267 16.8233 16.8267 16.8300 16.8200 16.8267 16.8200 16.8233 16.8267
244.0000 3.0000 47.9600 15.5590 4.5200E-6 0.0017 0.0008 0.0012 0.0023 0.0009 0.0007 NaN -0.0608 0.0096 0.0194 -0.0036 0.0045 16.8100 16.8133 16.8100 16.8167 16.8167 16.8133 16.8133 16.8167 16.8200 16.8167 16.8167 16.8200 16.8167 16.8200 16.8167 16.8200 16.8200 16.8200 16.8200 16.8133 16.8167 16.8167 16.8167 16.8200 16.8167 16.8167 16.8167 16.8200 16.8167 16.8167 16.8200 16.8200 16.8200 16.8200 16.8133 16.8167 16.8167 16.8167 16.8200 16.8200 16.8167 16.8200 16.8200 16.8200 16.8200 16.8200 16.8167 16.8200 16.8200 16.8167 16.8200 16.8167 16.8200 16.8167 16.8200 16.8200 16.8167 16.8133 16.8200 16.8200 16.8200 16.8167 16.8167 16.8200
243.0000 4.0000 47.8400 15.5540 4.4600E-6 0.0012 0.0031 0.0012 0.0014 0.0002 0.0004 NaN 0.0294 0.0059 -0.0081 -0.0007 -0.0057 16.8025 16.8050 16.8100 16.8100 16.8100 16.8100 16.8100 16.8075 16.8075 16.8100 16.8100 16.8125 16.8125 16.8125 16.8125 16.8100 16.8100 16.8125 16.8100 16.8100 16.8100 16.8100 16.8100 16.8100 16.8100 16.8075 16.8075 16.8100 16.8100 16.8100 16.8100 16.8125 16.8100 16.8100 16.8100 16.8100 16.8075 16.8100 16.8125 16.8100 16.8100 16.8100 16.8100 16.8100 16.8100 16.8100 16.8100 16.8100 16.8100 16.8100 16.8100 16.8100 16.8100 16.8100 16.8125 16.8100 16.8125 16.8150 16.8100 16.8125 16.8100 16.8100 16.8125 16.8100
242.0000 3.0000 47.7100 15.5460 4.3900E-6 0.0017 0.0017 0.0021 -0.0002 0.0006 0.0005 NaN -0.0208 -0.0308 0.0140 0.0051 -0.0016 16.7967 16.8000 16.8000 16.8033 16.8000 16.8033 16.8067 16.8067 16.8033 16.8000 16.8033 16.8067 16.8000 16.8000 16.8000 16.8000 16.8000 16.8033 16.8067 16.8067 16.8000 16.8033 16.8033 16.8000 16.8033 16.8000 16.8067 16.8000 16.8067 16.8033 16.8067 16.8000 16.8067 16.8000 16.8033 16.8000 16.8067 16.8000 16.8000 16.8000 16.8000 16.8033 16.8033 16.8000 16.8100 16.8100 16.8000 16.8100 16.8033 16.8067 16.8033 16.8000 16.8000 16.8033 16.8067 16.8000 16.8067 16.8033 16.8033 16.8033 16.8033 16.8033 16.8100 16.8033
241.0000 3.0000 47.6000 15.5390 4.3600E-6 0.0000 0.0008 0.0017 0.0015 0.0008 0.0009 NaN -0.0200 0.0596 -0.0008 -0.0032 -0.0004 16.7900 16.7900 16.7900 16.7933 16.7967 16.7967 16.7933 16.7900 16.7933 16.7933 16.7967 16.7967 16.8000 16.7933 16.7967 16.7933 16.7967 16.7933 16.7933 16.8000 16.7967 16.7967 16.7933 16.7933 16.7933 16.7967 16.7933 16.8000 16.7900 16.7967 16.8000 16.7967 16.7967 16.7967 16.8000 16.8000 16.7967 16.7933 16.7967 16.7967 16.7933 16.7967 16.7967 16.7933 16.7967 16.7967 16.7967 16.7933 16.7933 16.7967 16.7967 16.8000 16.8000 16.8000 16.8000 16.8000 16.8000 16.7967 16.7967 16.8000 16.7933 16.7967 16.7900 16.7900
240.0000 3.0000 47.4800 15.5330 4.3300E-6 0.0017 0.0025 0.0025 0.0010 0.0012 0.0003 NaN 0.0192 0.0288 -0.0113 0.0120 -0.0044 16.7800 16.7833 16.7867 16.7867 16.7900 16.7900 16.7867 16.7900 16.7900 16.7867 16.7900 16.7867 16.7900 16.7867 16.7900 16.7900 16.7900 16.7900 16.7900 16.7933 16.7900 16.7900 16.7900 16.7900 16.7900 16.7933 16.7900 16.7900 16.7900 16.7867 16.7900 16.7900 16.7933 16.7900 16.7867 16.7900 16.7900 16.7867 16.7900 16.7900 16.7867 16.7900 16.7900 16.7900 16.7900 16.7900 16.7900 16.7900 16.7900 16.7867 16.7900 16.7900 16.7900 16.7867 16.7900 16.7900 16.7900 16.7900 16.7900 16.7900 16.7900 16.7900 16.7900 16.7900
239.0000 3.0000 47.3700 15.5280 4.3100E-6 0.0017 0.0025 0.0025 0.0015 0.0007 0.0004 NaN 0.0192 -0.0012 -0.0213 -0.0082 -0.0016 16.7733 16.7767 16.7800 16.7800 16.7833 16.7800 16.7833 16.7833 16.7833 16.7800 16.7800 16.7833 16.7833 16.7833 16.7867 16.7833 16.7800 16.7800 16.7833 16.7833 16.7833 16.7833 16.7833 16.7833 16.7833 16.7800 16.7867 16.7867 16.7800 16.7867 16.7800 16.7833 16.7833 16.7800 16.7867 16.7867 16.7833 16.7867 16.7800 16.7833 16.7833 16.7833 16.7800 16.7800 16.7833 16.7833 16.7833 16.7800 16.7800 16.7800 16.7833 16.7800 16.7833 16.7800 16.7867 16.7800 16.7800 16.7833 16.7833 16.7867 16.7867 16.7867 16.7833 16.7867
238.0000 3.0000 47.2600 15.5220 4.2100E-6 0.0067 -0.0008 -4.4409E-16 0.0035 0.0006 0.0006 NaN -0.0833 0.0204 0.0350 0.0032 0.0072 16.7667 16.7800 16.7700 16.7733 16.7733 16.7733 16.7733 16.7700 16.7800 16.7767 16.7800 16.7800 16.7800 16.7800 16.7800 16.7800 16.7767 16.7767 16.7767 16.7800 16.7767 16.7800 16.7800 16.7800 16.7733 16.7733 16.7800 16.7767 16.7800 16.7767 16.7733 16.7767 16.7767 16.7800 16.7767 16.7800 16.7767 16.7800 16.7733 16.7767 16.7800 16.7800 16.7767 16.7800 16.7767 16.7767 16.7800 16.7800 16.7767 16.7733 16.7800 16.7800 16.7767 16.7767 16.7800 16.7767 16.7800 16.7800 16.7733 16.7800 16.7800 16.7767 16.7733 16.7800
237.0000 3.0000 47.1500 15.5160 4.1800E-6 0.0017 0.0042 0.0021 0.0015 0.0003 0.0007 NaN 0.0392 -0.0021 -0.0110 -0.0132 0.0048 16.7600 16.7633 16.7700 16.7700 16.7700 16.7700 16.7700 16.7700 16.7700 16.7700 16.7700 16.7700 16.7700 16.7733 16.7700 16.7733 16.7700 16.7700 16.7700 16.7700 16.7700 16.7700 16.7667 16.7700 16.7700 16.7700 16.7700 16.7667 16.7700 16.7733 16.7700 16.7733 16.7733 16.7700 16.7733 16.7700 16.7700 16.7700 16.7733 16.7733 16.7700 16.7700 16.7733 16.7667 16.7700 16.7700 16.7700 16.7733 16.7733 16.7700 16.7700 16.7700 16.7700 16.7733 16.7733 16.7700 16.7733 16.7700 16.7700 16.7733 16.7700 16.7700 16.7733 16.7700
236.0000 3.0000 47.0400 15.5080 4.1600E-6 0.0050 0.0025 0.0037 0.0004 0.0005 0.0005 NaN -0.0025 0.0288 -0.0269 -0.0002 -0.0015 16.7500 16.7600 16.7600 16.7600 16.7667 16.7633 16.7633 16.7667 16.7633 16.7633 16.7600 16.7600 16.7633 16.7600 16.7600 16.7667 16.7600 16.7633 16.7600 16.7667 16.7633 16.7600 16.7667 16.7600 16.7633 16.7633 16.7633 16.7667 16.7633 16.7633 16.7600 16.7600 16.7633 16.7600 16.7667 16.7633 16.7667 16.7667 16.7667 16.7633 16.7600 16.7633 16.7600 16.7600 16.7600 16.7633 16.7633 16.7600 16.7667 16.7667 16.7600 16.7600 16.7700 16.7600 16.7633 16.7633 16.7633 16.7633 16.7600 16.7667 16.7633 16.7633 16.7633 16.7600
235.0000 3.0000 46.9200 15.5010 4.0600E-6 0.0067 0.0025 0.0029 0.0006 0.0006 0.0008 NaN -0.0433 0.0487 -0.0265 0.0072 0.0172 16.7433 16.7567 16.7533 16.7567 16.7600 16.7600 16.7567 16.7567 16.7567 16.7533 16.7567 16.7567 16.7600 16.7533 16.7567 16.7600 16.7600 16.7567 16.7567 16.7567 16.7600 16.7567 16.7567 16.7567 16.7600 16.7533 16.7600 16.7600 16.7533 16.7567 16.7567 16.7567 16.7600 16.7600 16.7600 16.7600 16.7567 16.7600 16.7600 16.7600 16.7600 16.7600 16.7600 16.7533 16.7567 16.7600 16.7600 16.7567 16.7600 16.7567 16.7600 16.7567 16.7600 16.7567 16.7600 16.7600 16.7600 16.7567 16.7533 16.7567 16.7567 16.7567 16.7600 16.7533
234.0000 3.0000 46.8000 15.4940 4.0500E-6 0.0783 0.0267 0.1325 0.3440 1.2084 0.8413 NaN 1.2208 -2.5433 2.1637 3.8805 2.2295 12.2767 12.4333 12.4867 12.3300 12.4167 12.4367 12.7500 12.9833 13.1533 13.0600 13.1367 13.2133 13.2233 13.0900 13.3467 13.3933 13.2100 13.2900 14.2700 15.0200 15.5800 15.6733 15.7067 15.7233 15.7267 15.7333 15.7400 15.7433 15.7433 15.7467 15.7467 15.7467 15.7467 15.7467 15.7467 15.7467 15.7500 15.7500 15.7500 15.7500 15.7500 15.7500 15.7467 15.7500 15.7467 15.7500 15.7467 15.7500 15.7500 15.7467 15.7467 15.7500 15.7500 15.7500 15.7500 15.7533 15.7467 15.7500 15.7500 15.7500 15.7500 15.7500 15.7533 15.7500
233.0000 3.0000 46.7000 15.4880 4.0200E-6 0.0067 0.0050 0.0029 0.0029 0.0014 0.0011 NaN 0.0167 0.0175 0.0235 -0.0140 0.0193 15.7233 15.7367 15.7400 15.7400 15.7400 15.7433 15.7400 15.7400 15.7433 15.7433 15.7433 15.7467 15.7467 15.7400 15.7433 15.7433 15.7400 15.7467 15.7400 15.7467 15.7433 15.7433 15.7400 15.7433 15.7433 15.7400 15.7467 15.7433 15.7433 15.7467 15.7433 15.7467 15.7400 15.7467 15.7433 15.7467 15.7467 15.7467 15.7433 15.7500 15.7467 15.7467 15.7467 15.7500 15.7433 15.7433 15.7400 15.7433 15.7467 15.7433 15.7400 15.7467 15.7400 15.7467 15.7433 15.7400 15.7433 15.7400 15.7467 15.7400 15.7433 15.7500 15.7400 15.7467
232.0000 4.0000 46.5900 15.4820 3.9100E-6 0.0063 0.0069 0.0034 0.0028 0.0010 0.0011 NaN 0.0419 -0.0034 0.0058 -0.0033 0.0070 15.7150 15.7275 15.7350 15.7350 15.7350 15.7350 15.7350 15.7350 15.7350 15.7375 15.7350 15.7400 15.7375 15.7400 15.7350 15.7375 15.7375 15.7350 15.7350 15.7350 15.7400 15.7325 15.7400 15.7375 15.7375 15.7350 15.7325 15.7375 15.7375 15.7375 15.7375 15.7350 15.7400 15.7375 15.7375 15.7375 15.7375 15.7375 15.7375 15.7350 15.7350 15.7375 15.7375 15.7350 15.7400 15.7375 15.7400 15.7400 15.7375 15.7400 15.7400 15.7400 15.7400 15.7350 15.7400 15.7375 15.7375 15.7375 15.7350 15.7350 15.7375 15.7350 15.7375 15.7375
231.0000 3.0000 46.4700 15.4730 3.9500E-6 0.0067 0.0067 0.0046 0.0027 0.0020 0.0018 NaN -0.0233 -0.0033 0.0027 0.0136 -0.0022 15.7033 15.7167 15.7200 15.7267 15.7233 15.7267 15.7267 15.7267 15.7267 15.7267 15.7267 15.7267 15.7267 15.7267 15.7267 15.7267 15.7267 15.7267 15.7300 15.7267 15.7267 15.7300 15.7300 15.7300 15.7300 15.7267 15.7233 15.7267 15.7267 15.7267 15.7300 15.7300 15.7300 15.7267 15.7267 15.7300 15.7267 15.7300 15.7267 15.7267 15.7300 15.7300 15.7300 15.7300 15.7333 15.7300 15.7300 15.7267 15.7333 15.7300 15.7300 15.7300 15.7300 15.7300 15.7300 15.7267 15.7300 15.7333 15.7300 15.7333 15.7300 15.7267 15.7300 15.7300
230.0000 3.0000 46.3500 15.4630 4.1000E-6 0.0067 0.0075 0.0058 0.0031 0.0021 0.0016 NaN 0.0167 0.0362 0.0071 -0.0066 -0.0035 26.7600 26.7733 26.7800 26.7833 26.7867 26.7867 26.7833 26.7867 26.7867 26.7867 26.7900 26.7833 26.7800 26.7867 26.7867 26.7900 26.7867 26.7867 26.7867 26.7867 26.7833 26.7900 26.7867 26.7867 26.7900 26.7867 26.7867 26.7867 26.7833 26.7900 26.7900 26.7900 26.7867 26.7900 26.7867 26.7867 26.7900 26.7900 26.7833 26.7900 26.7867 26.7900 26.7867 26.7867 26.7867 26.7867 26.7900 26.7900 26.7867 26.7900 26.7900 26.7900 26.7900 26.7900 26.7900 26.7900 26.7900 26.7867 26.7867 26.7833 26.7900 26.7900 26.7900 26.7900
229.0000 3.0000 46.2400 15.4600 3.8200E-6 0.0117 0.0092 0.0088 0.0037 0.0030 0.0018 NaN 0.0342 0.0154 -0.0044 0.0156 -0.0003 14.6800 14.7033 14.7100 14.7100 14.7167 14.7167 14.7200 14.7200 14.7167 14.7167 14.7200 14.7167 14.7167 14.7167 14.7167 14.7167 14.7200 14.7167 14.7200 14.7200 14.7200 14.7200 14.7200 14.7200 14.7200 14.7167 14.7200 14.7200 14.7200 14.7200 14.7167 14.7200 14.7200 14.7200 14.7200 14.7200 14.7200 14.7200 14.7200 14.7167 14.7167 14.7200 14.7233 14.7200 14.7200 14.7200 14.7200 14.7200 14.7200 14.7200 14.7200 14.7200 14.7200 14.7200 14.7200 14.7200 14.7167 14.7200 14.7200 14.7200 14.7200 14.7233 14.7200 14.7200
228.0000 3.0000 46.1400 15.4540 3.7900E-6 0.0117 0.0100 0.0054 0.0035 0.0024 0.0016 NaN 0.0142 -0.0150 -0.0077 -0.0168 0.0113 14.6767 14.7000 14.7067 14.7100 14.7100 14.7067 14.7100 14.7100 14.7100 14.7100 14.7100 14.7100 14.7100 14.7133 14.7100 14.7133 14.7100 14.7100 14.7100 14.7133 14.7100 14.7100 14.7133 14.7100 14.7100 14.7167 14.7100 14.7133 14.7133 14.7167 14.7133 14.7133 14.7100 14.7133 14.7133 14.7133 14.7100 14.7167 14.7167 14.7100 14.7167 14.7167 14.7167 14.7133 14.7100 14.7133 14.7100 14.7133 14.7133 14.7100 14.7133 14.7100 14.7133 14.7133 14.7100 14.7100 14.7133 14.7100 14.7167 14.7100 14.7167 14.7133 14.7133 14.7133
227.0000 3.0000 46.0300 15.4480 3.7200E-6 0.0150 0.0117 0.0067 0.0052 0.0043 0.0026 NaN 0.0125 0.0042 0.0117 0.0249 -0.0059 14.6600 14.6900 14.6967 14.7000 14.7000 14.7000 14.7000 14.7000 14.7033 14.7033 14.7067 14.7000 14.7033 14.7000 14.7100 14.7033 14.7067 14.7100 14.7100 14.7067 14.7100 14.7067 14.7033 14.7067 14.7067 14.7033 14.7067 14.7033 14.7100 14.7100 14.7067 14.7067 14.7067 14.7067 14.7067 14.7100 14.7100 14.7100 14.7067 14.7067 14.7067 14.7100 14.7067 14.7067 14.7033 14.7067 14.7100 14.7067 14.7100 14.7100 14.7100 14.7100 14.7100 14.7033 14.7067 14.7067 14.7100 14.7067 14.7067 14.7067 14.7100 14.7100 14.7100 14.7100
226.0000 3.0000 45.9200 15.4400 3.6300E-6 0.0150 0.0125 0.0100 0.0058 0.0034 0.0019 NaN 0.0525 0.0538 -0.0100 -0.0004 0.0008 14.6500 14.6800 14.6900 14.6900 14.6967 14.7000 14.6967 14.6967 14.6967 14.6967 14.7000 14.7000 14.7000 14.7000 14.7000 14.7000 14.7000 14.7000 14.7000 14.7000 14.6967 14.7033 14.7000 14.7000 14.7000 14.7000 14.7000 14.7000 14.7000 14.7033 14.7000 14.7000 14.7000 14.7000 14.7000 14.7000 14.7033 14.7033 14.7000 14.7000 14.7000 14.7000 14.7000 14.7000 14.7033 14.7000 14.7000 14.7000 14.7000 14.7000 14.7000 14.7000 14.7000 14.7033 14.7000 14.7000 14.7033 14.7033 14.6967 14.7000 14.7000 14.7033 14.7000 14.7000
225.0000 3.0000 45.8200 15.4340 3.5900E-6 0.0150 0.0150 0.0100 0.0058 0.0040 0.0028 NaN -0.0075 0.0225 -0.0100 -0.0204 0.0055 14.6400 14.6700 14.6800 14.6900 14.6900 14.6900 14.6900 14.6900 14.6900 14.6900 14.6900 14.6933 14.6933 14.6933 14.6900 14.6933 14.6900 14.6933 14.6900 14.6933 14.6933 14.6933 14.6900 14.6933 14.6933 14.6967 14.6967 14.6967 14.6933 14.6967 14.6933 14.6967 14.6967 14.7000 14.6933 14.6967 14.6933 14.7000 14.6933 14.6933 14.6900 14.6967 14.6933 14.6967 14.6967 14.6933 14.6967 14.6933 14.6967 14.6967 14.6967 14.7000 14.6967 14.6933 14.6967 14.6967 14.6933 14.6900 14.7000 14.6933 14.6967 14.6933 14.6933 14.6933
224.0000 3.0000 45.7200 15.4270 3.5700E-6 0.0167 0.0158 0.0113 0.0079 0.0048 0.0023 NaN -0.0083 0.0321 0.0144 0.0060 -0.0111 14.6267 14.6600 14.6700 14.6800 14.6833 14.6800 14.6800 14.6833 14.6867 14.6867 14.6867 14.6833 14.6900 14.6867 14.6833 14.6867 14.6900 14.6867 14.6833 14.6900 14.6900 14.6900 14.6833 14.6900 14.6833 14.6867 14.6867 14.6900 14.6933 14.6900 14.6833 14.6900 14.6867 14.6833 14.6833 14.6900 14.6900 14.6833 14.6867 14.6900 14.6867 14.6900 14.6900 14.6833 14.6900 14.6867 14.6900 14.6867 14.6867 14.6867 14.6900 14.6833 14.6867 14.6867 14.6900 14.6900 14.6900 14.6900 14.6900 14.6867 14.6900 14.6867 14.6900 14.6867
223.0000 3.0000 45.6100 15.4210 3.5200E-6 0.0200 0.0192 0.0129 0.0085 0.0051 0.0023 NaN -0.0500 0.0304 0.0035 -0.0093 -0.0088 14.6100 14.6500 14.6600 14.6767 14.6733 14.6767 14.6733 14.6767 14.6767 14.6800 14.6800 14.6767 14.6800 14.6800 14.6800 14.6800 14.6800 14.6800 14.6800 14.6800 14.6800 14.6800 14.6800 14.6800 14.6833 14.6833 14.6800 14.6833 14.6800 14.6800 14.6833 14.6800 14.6800 14.6800 14.6800 14.6800 14.6800 14.6800 14.6800 14.6800 14.6800 14.6800 14.6800 14.6800 14.6833 14.6800 14.6800 14.6800 14.6800 14.6800 14.6800 14.6800 14.6833 14.6800 14.6800 14.6800 14.6833 14.6800 14.6800 14.6833 14.6800 14.6767 14.6800 14.6833
222.0000 3.0000 45.5100 15.4140 3.5200E-6 0.0183 0.0158 0.0146 0.0079 0.0059 0.0036 NaN 0.0708 0.0721 -0.0373 0.0160 0.0008 14.6000 14.6367 14.6500 14.6500 14.6600 14.6667 14.6633 14.6633 14.6600 14.6667 14.6600 14.6633 14.6633 14.6700 14.6667 14.6667 14.6700 14.6700 14.6667 14.6667 14.6667 14.6667 14.6700 14.6700 14.6700 14.6700 14.6667 14.6700 14.6700 14.6667 14.6667 14.6700 14.6700 14.6700 14.6700 14.6700 14.6700 14.6700 14.6700 14.6700 14.6700 14.6700 14.6700 14.6667 14.6700 14.6700 14.6667 14.6700 14.6700 14.6700 14.6700 14.6700 14.6700 14.6700 14.6700 14.6700 14.6700 14.6700 14.6700 14.6700 14.6700 14.6700 14.6700 14.6700
221.0000 4.0000 45.4000 15.3990 4.2900E-6 0.0150 0.0194 0.0175 0.0105 0.0052 0.0024 NaN 0.0675 0.0278 0.0175 0.0004 0.0246 14.5875 14.6175 14.6375 14.6450 14.6525 14.6550 14.6625 14.6575 14.6600 14.6625 14.6575 14.6625 14.6600 14.6625 14.6600 14.6575 14.6600 14.6575 14.6600 14.6625 14.6575 14.6600 14.6650 14.6625 14.6575 14.6575 14.6625 14.6600 14.6600 14.6625 14.6600 14.6600 14.6625 14.6600 14.6625 14.6650 14.6625 14.6625 14.6625 14.6625 14.6625 14.6625 14.6600 14.6625 14.6625 14.6600 14.6600 14.6550 14.6575 14.6575 14.6625 14.6575 14.6600 14.6575 14.6600 14.6600 14.6600 14.6600 14.6550 14.6575 14.6575 14.6550 14.6575 14.6575
220.0000 3.0000 45.2800 15.3960 3.6900E-6 0.0167 0.0208 0.0171 0.0131 0.0078 0.0041 NaN 0.0517 0.0096 0.0315 0.0084 -0.0077 14.5667 14.6000 14.6200 14.6300 14.6300 14.6400 14.6433 14.6400 14.6433 14.6500 14.6467 14.6467 14.6500 14.6467 14.6500 14.6467 14.6500 14.6500 14.6500 14.6533 14.6500 14.6500 14.6467 14.6500 14.6467 14.6500 14.6533 14.6500 14.6500 14.6500 14.6500 14.6500 14.6500 14.6500 14.6467 14.6500 14.6500 14.6500 14.6500 14.6500 14.6533 14.6533 14.6500 14.6500 14.6500 14.6500 14.6467 14.6500 14.6500 14.6500 14.6500 14.6500 14.6500 14.6500 14.6500 14.6500 14.6533 14.6500 14.6500 14.6500 14.6500 14.6567 14.6500 14.6500
219.0000 3.0000 45.1300 15.3820 4.2500E-6 0.0167 0.0225 0.0208 0.0150 0.0091 0.0051 NaN 0.1317 0.0587 0.0146 -2.4425E-14 -0.0033 14.5500 14.5833 14.6100 14.6133 14.6267 14.6300 14.6300 14.6367 14.6367 14.6367 14.6433 14.6367 14.6433 14.6400 14.6433 14.6400 14.6433 14.6400 14.6433 14.6433 14.6433 14.6433 14.6433 14.6400 14.6433 14.6433 14.6433 14.6433 14.6433 14.6467 14.6433 14.6433 14.6433 14.6433 14.6433 14.6433 14.6433 14.6433 14.6433 14.6467 14.6433 14.6433 14.6467 14.6433 14.6433 14.6467 14.6433 14.6433 14.6433 14.6433 14.6433 14.6433 14.6467 14.6467 14.6433 14.6433 14.6433 14.6433 14.6500 14.6433 14.6433 14.6433 14.6467 14.6467
218.0000 3.0000 45.0800 15.3840 3.5100E-6 0.0200 0.0233 0.0200 0.0160 0.0088 0.0050 NaN 0.0900 0.0283 0.0250 -0.0030 -0.0044 14.5333 14.5733 14.5967 14.6033 14.6133 14.6133 14.6200 14.6200 14.6267 14.6267 14.6267 14.6267 14.6300 14.6333 14.6300 14.6300 14.6300 14.6333 14.6300 14.6300 14.6300 14.6300 14.6300 14.6267 14.6300 14.6300 14.6300 14.6300 14.6300 14.6333 14.6300 14.6300 14.6300 14.6300 14.6300 14.6300 14.6300 14.6333 14.6300 14.6333 14.6300 14.6300 14.6333 14.6300 14.6333 14.6300 14.6333 14.6300 14.6333 14.6300 14.6333 14.6333 14.6300 14.6300 14.6300 14.6333 14.6333 14.6300 14.6300 14.6300 14.6333 14.6333 14.6333 14.6333
217.0000 3.0000 44.8900 15.3630 4.5100E-6 0.0183 0.0208 0.0217 0.0158 0.0097 0.0057 NaN 0.0108 0.0796 -0.0108 -0.0054 0.0014 14.5233 14.5600 14.5767 14.5900 14.6000 14.6067 14.6067 14.6100 14.6100 14.6100 14.6167 14.6133 14.6233 14.6167 14.6167 14.6200 14.6200 14.6200 14.6200 14.6167 14.6200 14.6167 14.6167 14.6167 14.6200 14.6200 14.6200 14.6200 14.6200 14.6200 14.6233 14.6200 14.6233 14.6200 14.6200 14.6233 14.6200 14.6233 14.6167 14.6200 14.6233 14.6200 14.6200 14.6233 14.6200 14.6200 14.6200 14.6200 14.6200 14.6200 14.6200 14.6200 14.6233 14.6200 14.6233 14.6233 14.6233 14.6200 14.6233 14.6200 14.6233 14.6167 14.6200 14.6233
216.0000 3.0000 44.7200 15.3500 4.8700E-6 0.0167 0.0217 0.0229 0.0173 0.0111 0.0067 NaN 0.0317 0.0592 0.0435 0.0139 -0.0068 14.5133 14.5467 14.5667 14.5800 14.5900 14.5967 14.6000 14.6033 14.6067 14.6067 14.6100 14.6100 14.6100 14.6100 14.6100 14.6100 14.6133 14.6133 14.6133 14.6200 14.6133 14.6100 14.6133 14.6133 14.6133 14.6167 14.6100 14.6133 14.6133 14.6133 14.6167 14.6200 14.6167 14.6167 14.6167 14.6100 14.6200 14.6133 14.6167 14.6200 14.6133 14.6167 14.6200 14.6133 14.6100 14.6100 14.6167 14.6200 14.6167 14.6200 14.6167 14.6167 14.6133 14.6133 14.6200 14.6200 14.6200 14.6200 14.6200 14.6200 14.6167 14.6167 14.6167 14.6100
215.0000 3.0000 44.6900 15.3500 4.4500E-6 0.0183 0.0233 0.0237 0.0202 0.0123 0.0069 NaN 0.0708 0.0583 0.0581 0.0124 0.0014 14.5000 14.5367 14.5600 14.5700 14.5833 14.5867 14.5900 14.5967 14.6000 14.6033 14.6033 14.6100 14.6033 14.6067 14.6100 14.6100 14.6100 14.6100 14.6100 14.6100 14.6100 14.6100 14.6100 14.6100 14.6100 14.6133 14.6100 14.6067 14.6100 14.6100 14.6100 14.6133 14.6100 14.6133 14.6100 14.6133 14.6133 14.6100 14.6100 14.6133 14.6100 14.6100 14.6100 14.6133 14.6100 14.6133 14.6133 14.6133 14.6167 14.6100 14.6133 14.6100 14.6133 14.6100 14.6133 14.6100 14.6100 14.6133 14.6133 14.6100 14.6133 14.6100 14.6100 14.6133
214.0000 3.0000 44.6900 15.3550 3.3700E-6 0.0167 0.0258 0.0250 0.0208 0.0143 0.0081 NaN 0.1117 0.0571 0.0275 0.0321 0.0041 14.5033 14.5367 14.5667 14.5767 14.5867 14.5967 14.6000 14.6000 14.6067 14.6100 14.6100 14.6100 14.6167 14.6100 14.6200 14.6167 14.6200 14.6200 14.6200 14.6200 14.6200 14.6200 14.6200 14.6200 14.6200 14.6200 14.6200 14.6200 14.6200 14.6200 14.6200 14.6233 14.6200 14.6200 14.6200 14.6200 14.6200 14.6233 14.6233 14.6200 14.6233 14.6233 14.6200 14.6233 14.6233 14.6233 14.6233 14.6267 14.6233 14.6267 14.6200 14.6233 14.6200 14.6200 14.6200 14.6233 14.6233 14.6233 14.6200 14.6233 14.6233 14.6233 14.6200 14.6200
213.0000 4.0000 44.5900 15.3510 3.0400E-6 0.0162 0.0225 0.0250 0.0225 0.0151 0.0091 NaN 0.0069 0.0188 0.0625 0.0094 0.0131 14.4950 14.5275 14.5475 14.5650 14.5725 14.5800 14.5875 14.5950 14.6000 14.6025 14.6000 14.6025 14.6050 14.6050 14.6075 14.6075 14.6100 14.6075 14.6100 14.6125 14.6100 14.6100 14.6100 14.6100 14.6100 14.6175 14.6125 14.6125 14.6100 14.6100 14.6150 14.6150 14.6125 14.6150 14.6200 14.6175 14.6125 14.6150 14.6125 14.6125 14.6125 14.6150 14.6100 14.6150 14.6175 14.6150 14.6150 14.6175 14.6150 14.6125 14.6125 14.6150 14.6150 14.6125 14.6100 14.6150 14.6100 14.6175 14.6125 14.6175 14.6175 14.6175 14.6175 14.6150
212.0000 3.0000 44.4800 15.3420 2.9700E-6 0.0167 0.0217 0.0271 0.0242 0.0168 0.0109 NaN -0.0283 0.0792 0.0465 0.0179 0.0129 14.4800 14.5133 14.5300 14.5500 14.5633 14.5700 14.5767 14.5800 14.5900 14.5867 14.5933 14.5900 14.5933 14.5967 14.6000 14.6000 14.6033 14.6000 14.6000 14.6000 14.6000 14.6033 14.6033 14.6033 14.6000 14.6033 14.6067 14.6033 14.6067 14.6067 14.6033 14.6067 14.6067 14.6067 14.6033 14.6100 14.6067 14.6100 14.6033 14.6100 14.6067 14.6100 14.6100 14.6100 14.6100 14.6033 14.6100 14.6067 14.6100 14.6100 14.6100 14.6067 14.6100 14.6067 14.6067 14.6067 14.6067 14.6100 14.6100 14.6100 14.6100 14.6100 14.6067 14.6100
211.0000 3.0000 44.3800 15.3340 2.9400E-6 0.0117 0.0192 0.0258 0.0250 0.0192 0.0116 NaN 0.0342 0.0804 0.0421 0.0150 0.0129 14.4767 14.5000 14.5200 14.5333 14.5500 14.5567 14.5600 14.5700 14.5733 14.5800 14.5800 14.5800 14.5867 14.5867 14.5900 14.5900 14.5900 14.5933 14.5900 14.5933 14.5933 14.5933 14.6000 14.5967 14.6000 14.5967 14.6000 14.6000 14.5967 14.6000 14.6000 14.6033 14.6000 14.6000 14.6000 14.6033 14.6000 14.6000 14.6000 14.6000 14.6000 14.6000 14.6000 14.6000 14.6000 14.6033 14.6000 14.6033 14.6000 14.5967 14.6000 14.6033 14.6000 14.6000 14.6000 14.6033 14.6000 14.6000 14.6033 14.6033 14.6000 14.6000 14.6000 14.6033
210.0000 4.0000 44.2800 15.3250 2.8800E-6 0.0150 0.0213 0.0244 0.0255 0.0209 0.0132 NaN 0.0225 0.0194 0.0403 0.0323 -0.0048 14.4600 14.4900 14.5100 14.5250 14.5325 14.5425 14.5500 14.5550 14.5600 14.5650 14.5675 14.5700 14.5725 14.5775 14.5800 14.5800 14.5825 14.5825 14.5850 14.5825 14.5875 14.5850 14.5875 14.5875 14.5900 14.5900 14.5925 14.5900 14.5900 14.5900 14.5925 14.5925 14.5900 14.5900 14.5900 14.5900 14.5900 14.5925 14.5925 14.5900 14.5925 14.5950 14.5900 14.5950 14.5925 14.5950 14.5925 14.5925 14.5925 14.5950 14.5950 14.5950 14.5925 14.5925 14.5925 14.5975 14.6000 14.5925 14.5950 14.5950 14.5975 14.5975 14.5925 14.5950
209.0000 3.0000 44.1600 15.3140 2.8300E-6 0.0133 0.0183 0.0254 0.0269 0.0222 0.0153 NaN 0.0133 0.0208 0.0523 0.0316 0.0152 14.4500 14.4767 14.4933 14.5067 14.5200 14.5267 14.5400 14.5433 14.5533 14.5500 14.5567 14.5600 14.5600 14.5667 14.5700 14.5700 14.5700 14.5733 14.5733 14.5733 14.5767 14.5767 14.5767 14.5800 14.5800 14.5800 14.5800 14.5833 14.5833 14.5800 14.5833 14.5833 14.5833 14.5800 14.5867 14.5833 14.5833 14.5833 14.5867 14.5867 14.5833 14.5867 14.5867 14.5900 14.5867 14.5900 14.5867 14.5833 14.5833 14.5867 14.5867 14.5900 14.5867 14.5900 14.5900 14.5900 14.5867 14.5900 14.5900 14.5900 14.5833 14.5900 14.5867 14.5900
208.0000 2.0000 44.0600 15.3040 2.7900E-6 0.0150 0.0188 0.0250 0.0266 0.0241 0.0160 NaN -0.0075 0.0206 0.0325 0.0430 -0.0008 16.4400 16.4700 16.4850 16.5000 16.5100 16.5200 16.5300 16.5350 16.5350 16.5450 16.5450 16.5550 16.5550 16.5600 16.5600 16.5600 16.5650 16.5700 16.5700 16.5700 16.5700 16.5700 16.5700 16.5700 16.5750 16.5750 16.5750 16.5800 16.5800 16.5800 16.5750 16.5800 16.5800 16.5800 16.5750 16.5800 16.5750 16.5800 16.5800 16.5750 16.5800 16.5800 16.5800 16.5850 16.5800 16.5800 16.5800 16.5800 16.5850 16.5850 16.5900 16.5800 16.5800 16.5850 16.5800 16.5850 16.5850 16.5800 16.5800 16.5850 16.5850 16.5850 16.5800 16.5850
207.0000 2.0000 43.9900 15.2950 2.7700E-6 0.0125 0.0175 0.0225 0.0278 0.0245 0.0178 NaN -0.0063 0.0213 0.0637 0.0461 0.0177 16.4350 16.4600 16.4750 16.4900 16.5000 16.5050 16.5150 16.5200 16.5300 16.5400 16.5400 16.5350 16.5450 16.5500 16.5500 16.5550 16.5550 16.5600 16.5600 16.5600 16.5650 16.5600 16.5600 16.5650 16.5650 16.5700 16.5650 16.5700 16.5650 16.5700 16.5700 16.5700 16.5700 16.5700 16.5700 16.5750 16.5700 16.5700 16.5700 16.5750 16.5750 16.5750 16.5700 16.5700 16.5800 16.5800 16.5750 16.5800 16.5800 16.5750 16.5750 16.5700 16.5800 16.5750 16.5750 16.5800 16.5800 16.5800 16.5750 16.5750 16.5800 16.5800 16.5800 16.5800
206.0000 2.0000 43.9000 15.2870 2.7300E-6 0.0125 0.0162 0.0250 0.0278 0.0250 0.0182 NaN -0.0662 0.0819 0.0475 0.0236 0.0025 16.4250 16.4500 16.4600 16.4800 16.4900 16.5050 16.5100 16.5100 16.5200 16.5250 16.5300 16.5350 16.5400 16.5400 16.5350 16.5500 16.5450 16.5450 16.5500 16.5500 16.5500 16.5600 16.5550 16.5550 16.5600 16.5600 16.5600 16.5600 16.5650 16.5650 16.5650 16.5600 16.5600 16.5650 16.5700 16.5600 16.5600 16.5650 16.5650 16.5600 16.5650 16.5650 16.5700 16.5650 16.5600 16.5700 16.5700 16.5700 16.5700 16.5700 16.5700 16.5700 16.5700 16.5700 16.5700 16.5700 16.5700 16.5750 16.5700 16.5700 16.5700 16.5750 16.5750 16.5700
205.0000 2.0000 43.8200 15.2760 2.6800E-6 0.0100 0.0162 0.0237 0.0256 0.0264 0.0200 NaN -0.0050 0.0219 0.0406 0.0772 0.0205 16.4200 16.4400 16.4550 16.4700 16.4800 16.4900 16.5000 16.5050 16.5050 16.5150 16.5150 16.5250 16.5200 16.5250 16.5300 16.5350 16.5400 16.5400 16.5400 16.5400 16.5450 16.5500 16.5500 16.5500 16.5500 16.5500 16.5500 16.5500 16.5500 16.5600 16.5550 16.5550 16.5550 16.5600 16.5550 16.5600 16.5600 16.5600 16.5600 16.5600 16.5600 16.5600 16.5600 16.5600 16.5600 16.5600 16.5600 16.5600 16.5600 16.5650 16.5650 16.5600 16.5600 16.5650 16.5600 16.5650 16.5700 16.5700 16.5650 16.5600 16.5650 16.5650 16.5700 16.5700
204.0000 2.0000 43.7400 15.2670 2.6500E-6 0.0100 0.0162 0.0213 0.0266 0.0280 0.0219 NaN -0.0050 -0.0081 0.0569 0.0617 0.0216 16.4100 16.4300 16.4450 16.4600 16.4650 16.4750 16.4850 16.4900 16.4950 16.5000 16.5100 16.5100 16.5100 16.5200 16.5200 16.5200 16.5250 16.5300 16.5300 16.5350 16.5350 16.5400 16.5400 16.5400 16.5400 16.5450 16.5450 16.5400 16.5500 16.5500 16.5500 16.5450 16.5500 16.5500 16.5500 16.5550 16.5500 16.5500 16.5550 16.5550 16.5550 16.5500 16.5500 16.5550 16.5550 16.5550 16.5550 16.5500 16.5600 16.5600 16.5550 16.5600 16.5600 16.5600 16.5550 16.5600 16.5600 16.5600 16.5600 16.5600 16.5550 16.5600 16.5600 16.5600
203.0000 3.0000 43.6600 15.2560 2.6200E-6 0.0083 0.0158 0.0208 0.0267 0.0274 0.0235 NaN 0.0158 -0.0179 0.0496 0.0617 0.0388 16.4000 16.4167 16.4333 16.4467 16.4533 16.4600 16.4700 16.4800 16.4800 16.4900 16.4933 16.5000 16.5000 16.5067 16.5067 16.5100 16.5167 16.5167 16.5200 16.5200 16.5200 16.5200 16.5267 16.5300 16.5300 16.5300 16.5300 16.5333 16.5267 16.5333 16.5367 16.5333 16.5367 16.5400 16.5400 16.5400 16.5400 16.5400 16.5433 16.5433 16.5433 16.5467 16.5467 16.5433 16.5467 16.5433 16.5433 16.5433 16.5500 16.5467 16.5500 16.5500 16.5500 16.5500 16.5500 16.5500 16.5500 16.5500 16.5500 16.5533 16.5500 16.5500 16.5500 16.5467
202.0000 2.0000 43.5600 15.2440 2.6000E-6 0.0100 0.0137 0.0206 0.0272 0.0275 0.0242 NaN -0.0350 0.0231 0.0797 0.0352 0.0388 16.3900 16.4100 16.4200 16.4350 16.4450 16.4500 16.4600 16.4650 16.4750 16.4750 16.4900 16.4900 16.4900 16.4900 16.5000 16.5000 16.5000 16.5100 16.5100 16.5100 16.5100 16.5100 16.5150 16.5150 16.5200 16.5150 16.5200 16.5250 16.5250 16.5250 16.5250 16.5300 16.5300 16.5300 16.5300 16.5300 16.5300 16.5300 16.5300 16.5350 16.5300 16.5350 16.5350 16.5350 16.5400 16.5350 16.5400 16.5400 16.5400 16.5400 16.5350 16.5400 16.5400 16.5400 16.5400 16.5400 16.5450 16.5400 16.5400 16.5450 16.5450 16.5450 16.5450 16.5450
201.0000 3.0000 43.4900 15.2330 2.6300E-6 0.0100 0.0133 0.0217 0.0248 0.0278 0.0253 NaN -0.0250 0.0233 0.0292 0.0601 0.0611 16.3800 16.4000 16.4100 16.4233 16.4333 16.4433 16.4500 16.4600 16.4600 16.4667 16.4700 16.4733 16.4800 16.4800 16.4833 16.4833 16.4900 16.4933 16.4967 16.4967 16.5033 16.5000 16.5100 16.5033 16.5067 16.5100 16.5100 16.5133 16.5100 16.5133 16.5133 16.5167 16.5200 16.5200 16.5167 16.5267 16.5200 16.5233 16.5267 16.5233 16.5300 16.5300 16.5300 16.5233 16.5200 16.5300 16.5300 16.5267 16.5267 16.5300 16.5300 16.5300 16.5300 16.5300 16.5300 16.5300 16.5333 16.5333 16.5300 16.5333 16.5333 16.5367 16.5333 16.5367
200.0000 3.0000 43.4000 15.2200 2.5700E-6 0.0100 0.0142 0.0188 0.0242 0.0278 0.0260 NaN 0.0150 0.0429 0.0106 0.0379 0.0511 16.3700 16.3900 16.4033 16.4133 16.4200 16.4333 16.4333 16.4400 16.4433 16.4500 16.4567 16.4600 16.4667 16.4667 16.4733 16.4733 16.4767 16.4800 16.4800 16.4867 16.4867 16.4900 16.4900 16.4900 16.5000 16.4967 16.4967 16.5000 16.5000 16.5033 16.5000 16.5067 16.5033 16.5067 16.5100 16.5067 16.5100 16.5133 16.5133 16.5133 16.5100 16.5167 16.5100 16.5100 16.5167 16.5200 16.5200 16.5200 16.5200 16.5200 16.5200 16.5200 16.5200 16.5233 16.5200 16.5200 16.5200 16.5233 16.5200 16.5233 16.5200 16.5233 16.5233 16.5267
199.0000 3.0000 43.3100 15.2080 2.6000E-6 0.0033 0.0092 0.0208 0.0285 0.0329 0.0254 NaN -0.0617 0.0254 0.0196 0.0632 -0.0502 16.3467 16.3533 16.3600 16.3767 16.3900 16.3933 16.4067 16.4133 16.4167 16.4233 16.4300 16.4367 16.4367 16.4467 16.4500 16.4567 16.4567 16.4600 16.4633 16.4633 16.4667 16.4700 16.4733 16.4767 16.4767 16.4767 16.4833 16.4833 16.4833 16.4833 16.4833 16.4900 16.4867 16.4900 16.4900 16.4900 16.4900 16.4933 16.4667 16.4733 16.4767 16.4800 16.4800 16.4800 16.4867 16.4867 16.4900 16.4900 16.4933 16.4933 16.4967 16.4933 16.4933 16.4967 16.4967 16.5000 16.5000 16.5033 16.5000 16.5067 16.5067 16.5033 16.5100 16.5067
198.0000 3.0000 43.2200 15.1950 2.4600E-6 -0.0050 0.0533 1.5479 1.0683 0.5511 0.0908 NaN -1.2175 8.2233 2.6160 -0.4692 4.5344 12.7000 12.6900 12.6967 12.9067 14.4533 16.1233 16.3933 16.4067 16.4167 16.4233 16.4300 16.4300 16.4367 16.4400 16.4400 16.4467 16.4500 16.4567 16.4567 16.4567 16.4600 16.4600 16.4667 16.4667 16.4667 16.4667 16.4700 16.4767 16.4767 16.4800 16.4800 16.4800 16.4800 16.4833 16.4833 16.4833 16.4833 16.4867 16.4833 16.4900 16.4833 16.4933 16.4900 16.4933 16.4900 16.4967 16.4933 16.4900 16.4933 16.4900 16.4933 16.4867 16.4867 16.4767 16.4667 16.4533 16.4167 16.3667 16.2833 15.9733 15.4200 13.3800 12.8000 12.8233
197.0000 3.0000 43.1400 15.1830 2.4600E-6 0.0083 0.0125 0.0142 0.0202 0.0245 -0.4366 NaN 0.0358 0.0437 0.0379 0.0349 11.0490 16.3433 16.3600 16.3733 16.3800 16.3867 16.3933 16.3900 16.4000 16.4067 16.4067 16.4167 16.4200 16.4200 16.4267 16.4267 16.4267 16.4333 16.4367 16.4367 16.4433 16.4400 16.4433 16.4467 16.4433 16.4500 16.4500 16.4500 16.4567 16.4567 16.4567 16.4567 16.4600 16.4600 16.4633 16.4633 16.4667 16.4633 16.4700 16.4667 16.4733 16.4700 16.4633 16.4667 16.4633 16.4600 16.4600 16.4567 16.4500 16.4433 16.4300 16.3933 16.2867 16.1867 16.0967 15.8500 15.7067 15.2200 12.7900 12.7733 12.7800 12.8033 12.7933 12.8033 12.8200
196.0000 3.0000 43.0500 15.1680 2.5000E-6 0.0083 0.0100 0.0150 0.0198 0.0252 0.0273 NaN -0.0242 0.0250 -0.0025 0.0351 0.0399 16.3400 16.3567 16.3633 16.3733 16.3800 16.3867 16.3933 16.3933 16.4000 16.4033 16.4067 16.4100 16.4133 16.4167 16.4233 16.4300 16.4267 16.4300 16.4300 16.4400 16.4367 16.4400 16.4400 16.4433 16.4433 16.4467 16.4500 16.4467 16.4533 16.4567 16.4567 16.4567 16.4567 16.4600 16.4600 16.4600 16.4633 16.4600 16.4633 16.4633 16.4700 16.4700 16.4733 16.4700 16.4733 16.4700 16.4733 16.4700 16.4767 16.4733 16.4767 16.4767 16.4767 16.4767 16.4800 16.4833 16.4833 16.4833 16.4800 16.4800 16.4800 16.4800 16.4833 16.4867
195.0000 3.0000 42.9600 15.1550 2.6900E-6 0.0067 0.0108 0.0133 0.0177 0.0237 0.0272 NaN 0.0567 0.0146 -0.0017 0.0311 0.0481 16.3333 16.3467 16.3600 16.3633 16.3700 16.3767 16.3767 16.3867 16.3900 16.3900 16.3967 16.3933 16.4000 16.4067 16.4067 16.4133 16.4133 16.4167 16.4167 16.4233 16.4200 16.4267 16.4267 16.4300 16.4300 16.4300 16.4400 16.4367 16.4367 16.4400 16.4367 16.4467 16.4433 16.4467 16.4467 16.4500 16.4467 16.4500 16.4500 16.4533 16.4500 16.4567 16.4567 16.4600 16.4567 16.4600 16.4633 16.4600 16.4633 16.4667 16.4633 16.4633 16.4667 16.4633 16.4667 16.4667 16.4667 16.4667 16.4667 16.4700 16.4700 16.4700 16.4700 16.4700
194.0000 3.0000 42.8800 15.1450 2.3500E-6 0.0083 0.0092 0.0133 0.0162 0.0232 0.0279 NaN -0.0042 0.0254 -0.0117 0.0644 0.0134 16.3200 16.3367 16.3433 16.3500 16.3567 16.3633 16.3667 16.3700 16.3733 16.3767 16.3767 16.3800 16.3867 16.3867 16.3933 16.3933 16.3967 16.4067 16.4067 16.4067 16.4067 16.4067 16.4133 16.4167 16.4167 16.4167 16.4167 16.4167 16.4200 16.4233 16.4233 16.4233 16.4267 16.4300 16.4267 16.4333 16.4300 16.4333 16.4333 16.4367 16.4400 16.4433 16.4400 16.4400 16.4400 16.4433 16.4467 16.4433 16.4467 16.4500 16.4467 16.4500 16.4533 16.4533 16.4600 16.4600 16.4567 16.4567 16.4600 16.4567 16.4600 16.4600 16.4600 16.4600
193.0000 6.0000 42.7900 15.1310 2.6600E-6 0.0000 0.0000 NaN NaN NaN NaN NaN 0.0000 NaN NaN NaN NaN 15.0000 15.0000 15.0000 15.0000 15.0000 15.0000
