bias (V)        current (A)    comment:
-5.000000	1058.930054
-4.900000	1069.770020
-4.800000	1090.760010
-4.700000	1108.599976
-4.600000	1141.310059
-4.500000	1156.520020
-4.400000	1171.180054
-4.300000	1186.020020
-4.200000	1201.119995
-4.100000	1215.510010
-4.000000	1230.050049
-3.900000	1243.890015
-3.800000	1257.550049
-3.700000	1270.920044
-3.600000	1283.869995
-3.500000	1300.560059
-3.400000	1314.550049
-3.300000	1329.790039
-3.200000	1345.229980
-3.100000	1359.369995
-3.000000	1374.880005
-2.900000	1389.459961
-2.800000	1402.819946
-2.700000	1417.310059
-2.600000	1431.569946
-2.500000	1445.829956
-2.400000	1459.619995
-2.300000	1474.079956
-2.200000	1487.959961
-2.100000	1503.199951
-2.000000	1517.979980
-1.900000	1532.430054
-1.800000	1548.310059
-1.700000	1563.530029
-1.600000	1578.619995
-1.500000	1594.689941
-1.400000	1611.020020
-1.300000	1626.390015
-1.200000	1646.939941
-1.100000	1662.709961
-1.000000	1676.750000
-0.900000	1693.599976
-0.800000	1721.050049
-0.700000	1729.729980
-0.600000	1756.670044
-0.500000	1770.319946
-0.400000	1793.000000
-0.300000	1817.680054
-0.200000	1842.760010
-0.100000	1866.479980
0.000000	1954.010010
0.100000	4957.899902
0.200000	90193.000000
0.300000	1780540.000000
0.400000	1.981200E+7
0.500000	8.829800E+7
0.600000	2.051600E+8
0.700000	2.869600E+8
0.800000	4.377400E+8
0.900000	6.067900E+8
1.000000	7.927700E+8
1.100000	9.971700E+8
1.200000	1.739360E+9
1.300000	2.919600E+9
1.400000	3.478500E+9
1.500000	3.601400E+9
1.600000	3.601200E+9
1.700000	3.601000E+9
1.800000	3.600800E+9
1.900000	3.600600E+9
2.000000	3.600400E+9
