bias (V)        current (A)    comment:
-5.000000	8359.500000
-4.900000	8358.299805
-4.800000	8394.599609
-4.700000	8411.799805
-4.600000	8371.799805
-4.500000	8341.200195
-4.400000	8316.400391
-4.300000	8270.099609
-4.200000	8241.200195
-4.100000	8209.900391
-4.000000	8196.200195
-3.900000	8184.299805
-3.800000	8163.899902
-3.700000	8143.100098
-3.600000	8120.700195
-3.500000	8096.100098
-3.400000	8073.100098
-3.300000	8047.299805
-3.200000	8014.100098
-3.100000	7986.299805
-3.000000	7962.200195
-2.900000	7940.399902
-2.800000	7914.200195
-2.700000	7893.500000
-2.600000	7873.500000
-2.500000	7850.600098
-2.400000	7825.299805
-2.300000	7802.500000
-2.200000	7778.399902
-2.100000	7755.000000
-2.000000	7730.299805
-1.900000	7705.200195
-1.800000	7682.700195
-1.700000	7657.100098
-1.600000	7627.399902
-1.500000	7600.799805
-1.400000	7575.100098
-1.300000	7548.700195
-1.200000	7522.200195
-1.100000	7491.000000
-1.000000	7459.600098
-0.900000	7427.299805
-0.800000	7391.600098
-0.700000	7354.799805
-0.600000	7318.600098
-0.500000	7285.399902
-0.400000	7258.799805
-0.300000	7217.799805
-0.200000	7167.899902
-0.100000	7112.600098
0.000000	7016.000000
0.100000	6238.500000
0.200000	15471.799805
0.300000	493920.000000
0.400000	1.025890E+7
0.500000	1.066500E+8
0.600000	3.880600E+8
0.700000	6.253600E+8
0.800000	1.077470E+9
0.900000	1.590420E+9
1.000000	2.387100E+9
1.100000	2.950700E+9
1.200000	3.520300E+9
1.300000	3.611900E+9
1.400000	3.611700E+9
1.500000	3.611400E+9
1.600000	3.611100E+9
1.700000	3.611000E+9
1.800000	3.610800E+9
1.900000	3.610700E+9
2.000000	3.610500E+9
